Time,V,Label,Depth
667.8,6.5494,Back,902.0
667.8002,6.6262,Back,901.998998998999
667.8004,6.5124,Back,901.997997997998
667.8006,6.5545,Back,901.996996996997
667.8008,6.5472,Back,901.9959959959959
667.801,6.5325,Back,901.994994994995
667.8012,6.5341,Back,901.993993993994
667.8014,6.5491,Back,901.992992992993
667.8016,6.5462,Back,901.991991991992
667.8018,6.5535,Back,901.990990990991
667.802,6.5481,Back,901.98998998999
667.8022,6.5644,Back,901.988988988989
667.8024,6.5841,Back,901.9879879879879
667.8026,6.5822,Back,901.986986986987
667.8028,6.5997,Back,901.985985985986
667.803,6.5975,Back,901.984984984985
667.8032,6.5822,Back,901.983983983984
667.8034,6.5915,Back,901.982982982983
667.8036,6.5742,Back,901.981981981982
667.8038,6.6058,Back,901.980980980981
667.804,6.5682,Back,901.9799799799799
667.8042,6.5554,Back,901.978978978979
667.8044,6.5723,Back,901.977977977978
667.8046,6.5198,Back,901.976976976977
667.8048,6.55,Back,901.975975975976
667.805,6.5124,Back,901.974974974975
667.8052,6.5468,Back,901.973973973974
667.8054,6.5293,Back,901.972972972973
667.8056,6.4818,Back,901.9719719719719
667.8058,6.5096,Back,901.9709709709709
667.806,6.47,Back,901.96996996997
667.8062,6.4892,Back,901.968968968969
667.8064,6.543,Back,901.967967967968
667.8066,6.4924,Back,901.966966966967
667.8068,6.5163,Back,901.965965965966
667.807,6.5166,Back,901.964964964965
667.8072,6.5086,Back,901.9639639639639
667.8074,6.5239,Back,901.9629629629629
667.8076,6.5605,Back,901.961961961962
667.8078,6.5414,Back,901.960960960961
667.808,6.5653,Back,901.95995995996
667.8082,6.5335,Back,901.958958958959
667.8084,6.5494,Back,901.957957957958
667.8086,6.5574,Back,901.9569569569569
667.8088,6.5363,Back,901.9559559559559
667.809,6.5551,Back,901.9549549549549
667.8092,6.5513,Back,901.9539539539539
667.8094,6.5169,Back,901.952952952953
667.8096,6.5781,Back,901.951951951952
667.8098,6.5867,Back,901.950950950951
667.81,6.5596,Back,901.94994994995
667.8102,6.5676,Back,901.9489489489489
667.8104,6.5857,Back,901.9479479479479
667.8106,6.5918,Back,901.9469469469469
667.8108,6.5883,Back,901.9459459459459
667.811,6.5809,Back,901.944944944945
667.8112,6.5832,Back,901.943943943944
667.8114,6.5876,Back,901.942942942943
667.8116,6.5962,Back,901.941941941942
667.8118,6.5962,Back,901.9409409409409
667.812,6.5688,Back,901.9399399399399
667.8122,6.5848,Back,901.9389389389389
667.8124,6.5427,Back,901.9379379379379
667.8126,6.5513,Back,901.936936936937
667.8128,6.5293,Back,901.935935935936
667.813,6.5287,Back,901.934934934935
667.8132,6.5656,Back,901.933933933934
667.8134,6.5328,Back,901.9329329329329
667.8136,6.5551,Back,901.9319319319319
667.8138,6.5481,Back,901.9309309309309
667.814,6.5402,Back,901.9299299299299
667.8142,6.5143,Back,901.9289289289289
667.8144,6.5488,Back,901.927927927928
667.8146,6.5481,Back,901.926926926927
667.8148,6.5494,Back,901.925925925926
667.815,6.5781,Back,901.9249249249249
667.8152,6.573,Back,901.9239239239239
667.8154,6.5864,Back,901.9229229229229
667.8156,6.5857,Back,901.9219219219219
667.8158,6.5816,Back,901.9209209209209
667.816,6.5927,Back,901.91991991992
667.8162,6.5813,Back,901.918918918919
667.8164,6.5711,Back,901.9179179179179
667.8166,6.5478,Back,901.9169169169169
667.8168,6.5373,Back,901.9159159159159
667.817,6.5685,Back,901.9149149149149
667.8172,6.5147,Back,901.9139139139139
667.8174,6.5013,Back,901.9129129129129
667.8176,6.5099,Back,901.911911911912
667.8178,6.5213,Back,901.910910910911
667.818,6.4873,Back,901.9099099099099
667.8182,6.5398,Back,901.9089089089089
667.8184,6.5803,Back,901.9079079079079
667.8186,6.5803,Back,901.9069069069069
667.8188,6.5545,Back,901.9059059059059
667.819,6.5405,Back,901.9049049049049
667.8192,6.5752,Back,901.9039039039039
667.8194,6.5596,Back,901.902902902903
667.8196,6.5848,Back,901.9019019019019
667.8198,6.5918,Back,901.9009009009009
667.82,6.6071,Back,901.8998998998999
667.8202,6.5883,Back,901.8988988988989
667.8204,6.6013,Back,901.8978978978979
667.8206,6.5774,Back,901.8968968968969
667.8208,6.6083,Back,901.8958958958959
667.821,6.6096,Back,901.894894894895
667.8212,6.5991,Back,901.8938938938938
667.8214,6.5902,Back,901.8928928928929
667.8216,6.5778,Back,901.8918918918919
667.8218,6.5762,Back,901.8908908908909
667.822,6.5886,Back,901.8898898898899
667.8222,6.6017,Back,901.8888888888889
667.8224,6.593,Back,901.8878878878879
667.8226,6.5672,Back,901.8868868868869
667.8228,6.5698,Back,901.8858858858858
667.823,6.566,Back,901.8848848848849
667.8232,6.593,Back,901.8838838838839
667.8234,6.573,Back,901.8828828828829
667.8236,6.6055,Back,901.8818818818819
667.8238,6.5975,Back,901.8808808808809
667.824,6.5889,Back,901.8798798798799
667.8242,6.5503,Back,901.8788788788788
667.8244,6.593,Back,901.8778778778778
667.8246,6.5816,Back,901.8768768768768
667.8248,6.5854,Back,901.8758758758759
667.825,6.5864,Back,901.8748748748749
667.8252,6.5879,Back,901.8738738738739
667.8254,6.6083,Back,901.8728728728729
667.8256,6.5682,Back,901.8718718718719
667.8258,6.5707,Back,901.8708708708708
667.826,6.6048,Back,901.8698698698698
667.8262,6.5666,Back,901.8688688688688
667.8264,6.587,Back,901.8678678678679
667.8266,6.5883,Back,901.8668668668669
667.8268,6.6058,Back,901.8658658658659
667.827,6.5819,Back,901.8648648648649
667.8272,6.601,Back,901.8638638638639
667.8274,6.6029,Back,901.8628628628628
667.8276,6.6163,Back,901.8618618618618
667.8278,6.5959,Back,901.8608608608608
667.828,6.5663,Back,901.8598598598599
667.8282,6.572,Back,901.8588588588589
667.8284,6.5714,Back,901.8578578578579
667.8286,6.5723,Back,901.8568568568569
667.8288,6.5848,Back,901.8558558558559
667.829,6.5567,Back,901.8548548548548
667.8292,6.566,Back,901.8538538538538
667.8294,6.5915,Back,901.8528528528528
667.8296,6.5816,Back,901.8518518518518
667.8298,6.5781,Back,901.8508508508509
667.83,6.5988,Back,901.8498498498499
667.8302,6.5809,Back,901.8488488488489
667.8304,6.5806,Back,901.8478478478479
667.8306,6.5513,Back,901.8468468468468
667.8308,6.5787,Back,901.8458458458458
667.831,6.5532,Back,901.8448448448448
667.8312,6.5653,Back,901.8438438438438
667.8314,6.5061,Back,901.8428428428429
667.8316,6.5647,Back,901.8418418418419
667.8318,6.5946,Back,901.8408408408409
667.832,6.5172,Back,901.8398398398398
667.8322,6.5554,Back,901.8388388388388
667.8324,6.5344,Back,901.8378378378378
667.8326,6.5347,Back,901.8368368368368
667.8328,6.5548,Back,901.8358358358358
667.833,6.529,Back,901.8348348348349
667.8332,6.5459,Back,901.8338338338339
667.8334,6.5296,Back,901.8328328328329
667.8336,6.5239,Back,901.8318318318318
667.8338,6.5226,Back,901.8308308308308
667.834,6.5472,Back,901.8298298298298
667.8342,6.5373,Back,901.8288288288288
667.8344,6.557,Back,901.8278278278278
667.8346,6.5309,Back,901.8268268268268
667.8348,6.5526,Back,901.8258258258259
667.835,6.5822,Back,901.8248248248249
667.8352,6.5561,Back,901.8238238238238
667.8354,6.5395,Back,901.8228228228228
667.8356,6.5583,Back,901.8218218218218
667.8358,6.5284,Back,901.8208208208208
667.836,6.5456,Back,901.8198198198198
667.8362,6.5478,Back,901.8188188188188
667.8364,6.5682,Back,901.8178178178179
667.8366,6.559,Back,901.8168168168169
667.8368,6.5682,Back,901.8158158158158
667.837,6.5752,Back,901.8148148148148
667.8372,6.5816,Back,901.8138138138138
667.8374,6.5889,Back,901.8128128128128
667.8376,6.5876,Back,901.8118118118118
667.8378,6.5895,Back,901.8108108108108
667.838,6.5918,Back,901.8098098098098
667.8382,6.5991,Back,901.8088088088089
667.8384,6.5997,Back,901.8078078078078
667.8386,6.6013,Back,901.8068068068068
667.8388,6.6109,Back,901.8058058058058
667.839,6.5892,Back,901.8048048048048
667.8392,6.5781,Back,901.8038038038038
667.8394,6.5711,Back,901.8028028028028
667.8396,6.5864,Back,901.8018018018018
667.8398,6.5723,Back,901.8008008008009
667.84,6.5513,Back,901.7997997997998
667.8402,6.5723,Back,901.7987987987988
667.8404,6.5829,Back,901.7977977977978
667.8406,6.5468,Back,901.7967967967968
667.8408,6.5156,Back,901.7957957957958
667.841,6.5752,Back,901.7947947947948
667.8412,6.5612,Back,901.7937937937938
667.8414,6.5832,Back,901.7927927927927
667.8416,6.5937,Back,901.7917917917918
667.8418,6.6042,Back,901.7907907907908
667.842,6.5946,Back,901.7897897897898
667.8422,6.6023,Back,901.7887887887888
667.8424,6.5762,Back,901.7877877877878
667.8426,6.5813,Back,901.7867867867868
667.8428,6.5959,Back,901.7857857857858
667.843,6.5656,Back,901.7847847847847
667.8432,6.5548,Back,901.7837837837837
667.8434,6.5548,Back,901.7827827827828
667.8436,6.5634,Back,901.7817817817818
667.8438,6.5236,Back,901.7807807807808
667.844,6.5303,Back,901.7797797797798
667.8442,6.5395,Back,901.7787787787788
667.8444,6.5386,Back,901.7777777777778
667.8446,6.5287,Back,901.7767767767767
667.8448,6.5392,Back,901.7757757757757
667.845,6.5198,Back,901.7747747747748
667.8452,6.5554,Back,901.7737737737738
667.8454,6.5924,Back,901.7727727727728
667.8456,6.5746,Back,901.7717717717718
667.8458,6.6029,Back,901.7707707707708
667.846,6.6217,Back,901.7697697697698
667.8462,6.6485,Back,901.7687687687687
667.8464,6.6444,Back,901.7677677677677
667.8466,6.6361,Back,901.7667667667668
667.8468,6.6386,Back,901.7657657657658
667.847,6.6128,Back,901.7647647647648
667.8472,6.6013,Back,901.7637637637638
667.8474,6.6064,Back,901.7627627627628
667.8476,6.6144,Back,901.7617617617618
667.8478,6.5822,Back,901.7607607607607
667.848,6.586,Back,901.7597597597597
667.8482,6.5637,Back,901.7587587587587
667.8484,6.5535,Back,901.7577577577578
667.8486,6.5762,Back,901.7567567567568
667.8488,6.5558,Back,901.7557557557558
667.849,6.5774,Back,901.7547547547548
667.8492,6.5758,Back,901.7537537537537
667.8494,6.5902,Back,901.7527527527527
667.8496,6.587,Back,901.7517517517517
667.8498,6.5946,Back,901.7507507507507
667.85,6.5787,Back,901.7497497497498
667.8502,6.5972,Back,901.7487487487488
667.8504,6.594,Back,901.7477477477478
667.8506,6.6118,Back,901.7467467467468
667.8508,6.6103,Back,901.7457457457457
667.851,6.5969,Back,901.7447447447447
667.8512,6.5966,Back,901.7437437437437
667.8514,6.594,Back,901.7427427427427
667.8516,6.5736,Back,901.7417417417417
667.8518,6.5978,Back,901.7407407407408
667.852,6.5886,Back,901.7397397397398
667.8522,6.5762,Back,901.7387387387388
667.8524,6.5829,Back,901.7377377377377
667.8526,6.5994,Back,901.7367367367367
667.8528,6.551,Back,901.7357357357357
667.853,6.543,Back,901.7347347347347
667.8532,6.6096,Back,901.7337337337337
667.8534,6.594,Back,901.7327327327328
667.8536,6.5561,Back,901.7317317317318
667.8538,6.5809,Back,901.7307307307308
667.854,6.5803,Back,901.7297297297297
667.8542,6.6106,Back,901.7287287287287
667.8544,6.6068,Back,901.7277277277277
667.8546,6.594,Back,901.7267267267267
667.8548,6.5988,Back,901.7257257257257
667.855,6.6109,Back,901.7247247247248
667.8552,6.5867,Back,901.7237237237238
667.8554,6.5746,Back,901.7227227227228
667.8556,6.5774,Back,901.7217217217217
667.8558,6.5787,Back,901.7207207207207
667.856,6.5886,Back,901.7197197197197
667.8562,6.5924,Back,901.7187187187187
667.8564,6.5937,Back,901.7177177177177
667.8566,6.5813,Back,901.7167167167167
667.8568,6.5605,Back,901.7157157157158
667.857,6.5621,Back,901.7147147147147
667.8572,6.5618,Back,901.7137137137137
667.8574,6.5437,Back,901.7127127127127
667.8576,6.5519,Back,901.7117117117117
667.8578,6.5373,Back,901.7107107107107
667.858,6.5163,Back,901.7097097097097
667.8582,6.5494,Back,901.7087087087087
667.8584,6.4917,Back,901.7077077077078
667.8586,6.5414,Back,901.7067067067067
667.8588,6.5284,Back,901.7057057057057
667.859,6.5478,Back,901.7047047047047
667.8592,6.5583,Back,901.7037037037037
667.8594,6.5452,Back,901.7027027027027
667.8596,6.5296,Back,901.7017017017017
667.8598,6.5605,Back,901.7007007007007
667.86,6.5354,Back,901.6996996996997
667.8602,6.5478,Back,901.6986986986986
667.8604,6.5714,Back,901.6976976976977
667.8606,6.5478,Back,901.6966966966967
667.8608,6.5191,Back,901.6956956956957
667.861,6.566,Back,901.6946946946947
667.8612,6.5121,Back,901.6936936936937
667.8614,6.5666,Back,901.6926926926927
667.8616,6.5315,Back,901.6916916916917
667.8618,6.5637,Back,901.6906906906906
667.862,6.5363,Back,901.6896896896897
667.8622,6.557,Back,901.6886886886887
667.8624,6.5363,Back,901.6876876876877
667.8626,6.5707,Back,901.6866866866867
667.8628,6.5873,Back,901.6856856856857
667.863,6.5867,Back,901.6846846846847
667.8632,6.5602,Back,901.6836836836837
667.8634,6.5774,Back,901.6826826826826
667.8636,6.5943,Back,901.6816816816817
667.8638,6.5832,Back,901.6806806806807
667.864,6.5886,Back,901.6796796796797
667.8642,6.5972,Back,901.6786786786787
667.8644,6.5959,Back,901.6776776776777
667.8646,6.5864,Back,901.6766766766767
667.8648,6.5886,Back,901.6756756756756
667.865,6.594,Back,901.6746746746746
667.8652,6.6131,Back,901.6736736736736
667.8654,6.609,Back,901.6726726726727
667.8656,6.5631,Back,901.6716716716717
667.8658,6.58,Back,901.6706706706707
667.866,6.5685,Back,901.6696696696697
667.8662,6.593,Back,901.6686686686687
667.8664,6.5542,Back,901.6676676676676
667.8666,6.5143,Back,901.6666666666666
667.8668,6.6017,Back,901.6656656656656
667.867,6.5303,Back,901.6646646646647
667.8672,6.5497,Back,901.6636636636637
667.8674,6.5264,Back,901.6626626626627
667.8676,6.5108,Back,901.6616616616617
667.8678,6.5325,Back,901.6606606606607
667.868,6.5258,Back,901.6596596596596
667.8682,6.5344,Back,901.6586586586586
667.8684,6.5899,Back,901.6576576576576
667.8686,6.5905,Back,901.6566566566567
667.8688,6.5873,Back,901.6556556556557
667.869,6.5755,Back,901.6546546546547
667.8692,6.5717,Back,901.6536536536537
667.8694,6.5908,Back,901.6526526526527
667.8696,6.566,Back,901.6516516516516
667.8698,6.5727,Back,901.6506506506506
667.87,6.5937,Back,901.6496496496496
667.8702,6.586,Back,901.6486486486486
667.8704,6.5249,Back,901.6476476476477
667.8706,6.5494,Back,901.6466466466467
667.8708,6.5354,Back,901.6456456456457
667.871,6.5768,Back,901.6446446446447
667.8712,6.5529,Back,901.6436436436436
667.8714,6.5271,Back,901.6426426426426
667.8716,6.5118,Back,901.6416416416416
667.8718,6.544,Back,901.6406406406406
667.872,6.5389,Back,901.6396396396397
667.8722,6.5873,Back,901.6386386386387
667.8724,6.5717,Back,901.6376376376377
667.8726,6.5899,Back,901.6366366366366
667.8728,6.5927,Back,901.6356356356356
667.873,6.5911,Back,901.6346346346346
667.8732,6.5851,Back,901.6336336336336
667.8734,6.6048,Back,901.6326326326326
667.8736,6.6319,Back,901.6316316316316
667.8738,6.5666,Back,901.6306306306307
667.874,6.6048,Back,901.6296296296297
667.8742,6.5905,Back,901.6286286286286
667.8744,6.5848,Back,901.6276276276276
667.8746,6.5943,Back,901.6266266266266
667.8748,6.5953,Back,901.6256256256256
667.875,6.601,Back,901.6246246246246
667.8752,6.5602,Back,901.6236236236236
667.8754,6.5774,Back,901.6226226226227
667.8756,6.5985,Back,901.6216216216217
667.8758,6.5825,Back,901.6206206206206
667.876,6.5879,Back,901.6196196196196
667.8762,6.5848,Back,901.6186186186186
667.8764,6.58,Back,901.6176176176176
667.8766,6.5962,Back,901.6166166166166
667.8768,6.5848,Back,901.6156156156156
667.877,6.5727,Back,901.6146146146147
667.8772,6.5809,Back,901.6136136136137
667.8774,6.5634,Back,901.6126126126126
667.8776,6.5781,Back,901.6116116116116
667.8778,6.5787,Back,901.6106106106106
667.878,6.5857,Back,901.6096096096096
667.8782,6.5825,Back,901.6086086086086
667.8784,6.5816,Back,901.6076076076076
667.8786,6.5899,Back,901.6066066066066
667.8788,6.5943,Back,901.6056056056057
667.879,6.5985,Back,901.6046046046046
667.8792,6.5924,Back,901.6036036036036
667.8794,6.5819,Back,901.6026026026026
667.8796,6.5927,Back,901.6016016016016
667.8798,6.5762,Back,901.6006006006006
667.88,6.6007,Back,901.5995995995996
667.8802,6.5755,Back,901.5985985985986
667.8804,6.5599,Back,901.5975975975975
667.8806,6.5755,Back,901.5965965965966
667.8808,6.5813,Back,901.5955955955956
667.881,6.602,Back,901.5945945945946
667.8812,6.5758,Back,901.5935935935936
667.8814,6.5832,Back,901.5925925925926
667.8816,6.5717,Back,901.5915915915916
667.8818,6.5873,Back,901.5905905905906
667.882,6.5762,Back,901.5895895895895
667.8822,6.5956,Back,901.5885885885886
667.8824,6.5988,Back,901.5875875875876
667.8826,6.6122,Back,901.5865865865866
667.8828,6.602,Back,901.5855855855856
667.883,6.608,Back,901.5845845845846
667.8832,6.5857,Back,901.5835835835836
667.8834,6.5927,Back,901.5825825825826
667.8836,6.5829,Back,901.5815815815815
667.8838,6.5609,Back,901.5805805805805
667.884,6.5529,Back,901.5795795795796
667.8842,6.5252,Back,901.5785785785786
667.8844,6.5351,Back,901.5775775775776
667.8846,6.5236,Back,901.5765765765766
667.8848,6.514,Back,901.5755755755756
667.885,6.4831,Back,901.5745745745746
667.8852,6.5325,Back,901.5735735735735
667.8854,6.5022,Back,901.5725725725725
667.8856,6.5497,Back,901.5715715715716
667.8858,6.5558,Back,901.5705705705706
667.886,6.5233,Back,901.5695695695696
667.8862,6.5682,Back,901.5685685685686
667.8864,6.5605,Back,901.5675675675676
667.8866,6.5567,Back,901.5665665665666
667.8868,6.5832,Back,901.5655655655655
667.887,6.5647,Back,901.5645645645645
667.8872,6.5679,Back,901.5635635635635
667.8874,6.5876,Back,901.5625625625626
667.8876,6.5876,Back,901.5615615615616
667.8878,6.5621,Back,901.5605605605606
667.888,6.557,Back,901.5595595595596
667.8882,6.5519,Back,901.5585585585585
667.8884,6.5472,Back,901.5575575575575
667.8886,6.5574,Back,901.5565565565565
667.8888,6.5229,Back,901.5555555555555
667.889,6.5927,Back,901.5545545545546
667.8892,6.5733,Back,901.5535535535536
667.8894,6.608,Back,901.5525525525526
667.8896,6.5755,Back,901.5515515515516
667.8898,6.6029,Back,901.5505505505505
667.89,6.5889,Back,901.5495495495495
667.8902,6.586,Back,901.5485485485485
667.8904,6.6169,Back,901.5475475475475
667.8906,6.6087,Back,901.5465465465466
667.8908,6.5985,Back,901.5455455455456
667.891,6.6163,Back,901.5445445445446
667.8912,6.6077,Back,901.5435435435436
667.8914,6.6227,Back,901.5425425425425
667.8916,6.5765,Back,901.5415415415415
667.8918,6.6335,Back,901.5405405405405
667.892,6.6357,Back,901.5395395395395
667.8922,6.623,Back,901.5385385385385
667.8924,6.6495,Back,901.5375375375376
667.8926,6.6074,Back,901.5365365365366
667.8928,6.5991,Back,901.5355355355356
667.893,6.5666,Back,901.5345345345345
667.8932,6.5969,Back,901.5335335335335
667.8934,6.5628,Back,901.5325325325325
667.8936,6.5924,Back,901.5315315315315
667.8938,6.5328,Back,901.5305305305305
667.894,6.565,Back,901.5295295295296
667.8942,6.5625,Back,901.5285285285286
667.8944,6.5806,Back,901.5275275275276
667.8946,6.5809,Back,901.5265265265265
667.8948,6.5946,Back,901.5255255255255
667.895,6.5972,Back,901.5245245245245
667.8952,6.5841,Back,901.5235235235235
667.8954,6.6017,Back,901.5225225225225
667.8956,6.6036,Back,901.5215215215215
667.8958,6.6036,Back,901.5205205205206
667.896,6.5822,Back,901.5195195195195
667.8962,6.5605,Back,901.5185185185185
667.8964,6.5577,Back,901.5175175175175
667.8966,6.5567,Back,901.5165165165165
667.8968,6.5507,Back,901.5155155155155
667.897,6.5331,Back,901.5145145145145
667.8972,6.528,Back,901.5135135135135
667.8974,6.5424,Back,901.5125125125126
667.8976,6.5389,Back,901.5115115115115
667.8978,6.5545,Back,901.5105105105105
667.898,6.5787,Back,901.5095095095095
667.8982,6.586,Back,901.5085085085085
667.8984,6.6017,Back,901.5075075075075
667.8986,6.5819,Back,901.5065065065065
667.8988,6.5915,Back,901.5055055055055
667.899,6.5899,Back,901.5045045045046
667.8992,6.5956,Back,901.5035035035035
667.8994,6.638,Back,901.5025025025025
667.8996,6.6657,Back,901.5015015015015
667.8998,6.6593,Back,901.5005005005005
667.9,6.6571,Back,901.4994994994995
667.9002,6.6112,Back,901.4984984984985
667.9004,6.6071,Back,901.4974974974975
667.9006,6.5889,Back,901.4964964964965
667.9008,6.5899,Back,901.4954954954954
667.901,6.5902,Back,901.4944944944945
667.9012,6.5889,Back,901.4934934934935
667.9014,6.5915,Back,901.4924924924925
667.9016,6.5876,Back,901.4914914914915
667.9018,6.5793,Back,901.4904904904905
667.902,6.5825,Back,901.4894894894895
667.9022,6.6017,Back,901.4884884884885
667.9024,6.5825,Back,901.4874874874874
667.9026,6.5902,Back,901.4864864864865
667.9028,6.5867,Back,901.4854854854855
667.903,6.601,Back,901.4844844844845
667.9032,6.608,Back,901.4834834834835
667.9034,6.6157,Back,901.4824824824825
667.9036,6.6039,Back,901.4814814814815
667.9038,6.6118,Back,901.4804804804805
667.904,6.5879,Back,901.4794794794794
667.9042,6.5924,Back,901.4784784784785
667.9044,6.5918,Back,901.4774774774775
667.9046,6.5921,Back,901.4764764764765
667.9048,6.5985,Back,901.4754754754755
667.905,6.6004,Back,901.4744744744745
667.9052,6.6134,Back,901.4734734734735
667.9054,6.5844,Back,901.4724724724724
667.9056,6.6001,Back,901.4714714714714
667.9058,6.5733,Back,901.4704704704704
667.906,6.5886,Back,901.4694694694695
667.9062,6.5813,Back,901.4684684684685
667.9064,6.5937,Back,901.4674674674675
667.9066,6.5682,Back,901.4664664664665
667.9068,6.573,Back,901.4654654654655
667.907,6.586,Back,901.4644644644644
667.9072,6.5937,Back,901.4634634634634
667.9074,6.6182,Back,901.4624624624624
667.9076,6.6042,Back,901.4614614614615
667.9078,6.5915,Back,901.4604604604605
667.908,6.6039,Back,901.4594594594595
667.9082,6.5969,Back,901.4584584584585
667.9084,6.5854,Back,901.4574574574575
667.9086,6.5733,Back,901.4564564564564
667.9088,6.5902,Back,901.4554554554554
667.909,6.5736,Back,901.4544544544544
667.9092,6.5972,Back,901.4534534534534
667.9094,6.5985,Back,901.4524524524525
667.9096,6.601,Back,901.4514514514515
667.9098,6.595,Back,901.4504504504505
667.91,6.5972,Back,901.4494494494495
667.9102,6.6042,Back,901.4484484484484
667.9104,6.5915,Back,901.4474474474474
667.9106,6.5452,Back,901.4464464464464
667.9108,6.5491,Back,901.4454454454454
667.911,6.5335,Back,901.4444444444445
667.9112,6.5357,Back,901.4434434434435
667.9114,6.5213,Back,901.4424424424425
667.9116,6.5331,Back,901.4414414414415
667.9118,6.5092,Back,901.4404404404404
667.912,6.5096,Back,901.4394394394394
667.9122,6.5532,Back,901.4384384384384
667.9124,6.5653,Back,901.4374374374374
667.9126,6.5481,Back,901.4364364364365
667.9128,6.5465,Back,901.4354354354355
667.913,6.5494,Back,901.4344344344345
667.9132,6.5417,Back,901.4334334334334
667.9134,6.5602,Back,901.4324324324324
667.9136,6.5497,Back,901.4314314314314
667.9138,6.5832,Back,901.4304304304304
667.914,6.5414,Back,901.4294294294294
667.9142,6.5465,Back,901.4284284284284
667.9144,6.5567,Back,901.4274274274275
667.9146,6.55,Back,901.4264264264265
667.9148,6.5357,Back,901.4254254254254
667.915,6.559,Back,901.4244244244244
667.9152,6.5615,Back,901.4234234234234
667.9154,6.5363,Back,901.4224224224224
667.9156,6.5669,Back,901.4214214214214
667.9158,6.5774,Back,901.4204204204204
667.916,6.5787,Back,901.4194194194195
667.9162,6.5927,Back,901.4184184184185
667.9164,6.5778,Back,901.4174174174174
667.9166,6.5857,Back,901.4164164164164
667.9168,6.5781,Back,901.4154154154154
667.917,6.593,Back,901.4144144144144
667.9172,6.5809,Back,901.4134134134134
667.9174,6.586,Back,901.4124124124124
667.9176,6.6118,Back,901.4114114114114
667.9178,6.5915,Back,901.4104104104105
667.918,6.6001,Back,901.4094094094094
667.9182,6.5988,Back,901.4084084084084
667.9184,6.6029,Back,901.4074074074074
667.9186,6.6074,Back,901.4064064064064
667.9188,6.5806,Back,901.4054054054054
667.919,6.5981,Back,901.4044044044044
667.9192,6.5806,Back,901.4034034034034
667.9194,6.594,Back,901.4024024024025
667.9196,6.573,Back,901.4014014014014
667.9198,6.5742,Back,901.4004004004004
667.92,6.5472,Back,901.3993993993994
667.9202,6.5293,Back,901.3983983983984
667.9204,6.5201,Back,901.3973973973974
667.9206,6.5503,Back,901.3963963963964
667.9208,6.5376,Back,901.3953953953954
667.921,6.5615,Back,901.3943943943943
667.9212,6.5956,Back,901.3933933933934
667.9214,6.5736,Back,901.3923923923924
667.9216,6.5841,Back,901.3913913913914
667.9218,6.5876,Back,901.3903903903904
667.922,6.593,Back,901.3893893893894
667.9222,6.572,Back,901.3883883883884
667.9224,6.5902,Back,901.3873873873874
667.9226,6.5373,Back,901.3863863863863
667.9228,6.5274,Back,901.3853853853853
667.923,6.5545,Back,901.3843843843844
667.9232,6.5704,Back,901.3833833833834
667.9234,6.5252,Back,901.3823823823824
667.9236,6.5631,Back,901.3813813813814
667.9238,6.4704,Back,901.3803803803804
667.924,6.5229,Back,901.3793793793794
667.9242,6.5022,Back,901.3783783783783
667.9244,6.5532,Back,901.3773773773773
667.9246,6.5516,Back,901.3763763763764
667.9248,6.5841,Back,901.3753753753754
667.925,6.5609,Back,901.3743743743744
667.9252,6.5653,Back,901.3733733733734
667.9254,6.5704,Back,901.3723723723724
667.9256,6.5832,Back,901.3713713713714
667.9258,6.5997,Back,901.3703703703703
667.926,6.6163,Back,901.3693693693693
667.9262,6.6192,Back,901.3683683683684
667.9264,6.6166,Back,901.3673673673674
667.9266,6.6259,Back,901.3663663663664
667.9268,6.601,Back,901.3653653653654
667.927,6.5975,Back,901.3643643643644
667.9272,6.5822,Back,901.3633633633634
667.9274,6.593,Back,901.3623623623623
667.9276,6.5698,Back,901.3613613613613
667.9278,6.5625,Back,901.3603603603603
667.928,6.5774,Back,901.3593593593594
667.9282,6.5854,Back,901.3583583583584
667.9284,6.5723,Back,901.3573573573574
667.9286,6.5848,Back,901.3563563563564
667.9288,6.5991,Back,901.3553553553553
667.929,6.593,Back,901.3543543543543
667.9292,6.6087,Back,901.3533533533533
667.9294,6.5991,Back,901.3523523523523
667.9296,6.5927,Back,901.3513513513514
667.9298,6.6291,Back,901.3503503503504
667.93,6.6099,Back,901.3493493493494
667.9302,6.6068,Back,901.3483483483484
667.9304,6.5806,Back,901.3473473473473
667.9306,6.5695,Back,901.3463463463463
667.9308,6.5666,Back,901.3453453453453
667.931,6.5778,Back,901.3443443443443
667.9312,6.5813,Back,901.3433433433433
667.9314,6.5746,Back,901.3423423423424
667.9316,6.5781,Back,901.3413413413414
667.9318,6.609,Back,901.3403403403404
667.932,6.6087,Back,901.3393393393393
667.9322,6.5997,Back,901.3383383383383
667.9324,6.5879,Back,901.3373373373373
667.9326,6.5895,Back,901.3363363363363
667.9328,6.5774,Back,901.3353353353353
667.933,6.5848,Back,901.3343343343344
667.9332,6.5704,Back,901.3333333333334
667.9334,6.564,Back,901.3323323323324
667.9336,6.5768,Back,901.3313313313313
667.9338,6.5797,Back,901.3303303303303
667.934,6.5829,Back,901.3293293293293
667.9342,6.5905,Back,901.3283283283283
667.9344,6.5899,Back,901.3273273273273
667.9346,6.5975,Back,901.3263263263264
667.9348,6.5988,Back,901.3253253253254
667.935,6.5895,Back,901.3243243243244
667.9352,6.5966,Back,901.3233233233233
667.9354,6.608,Back,901.3223223223223
667.9356,6.6064,Back,901.3213213213213
667.9358,6.6039,Back,901.3203203203203
667.936,6.602,Back,901.3193193193193
667.9362,6.6128,Back,901.3183183183183
667.9364,6.5803,Back,901.3173173173174
667.9366,6.5959,Back,901.3163163163163
667.9368,6.5905,Back,901.3153153153153
667.937,6.5704,Back,901.3143143143143
667.9372,6.5112,Back,901.3133133133133
667.9374,6.5411,Back,901.3123123123123
667.9376,6.5366,Back,901.3113113113113
667.9378,6.5051,Back,901.3103103103103
667.938,6.5172,Back,901.3093093093094
667.9382,6.4777,Back,901.3083083083083
667.9384,6.6131,Back,901.3073073073073
667.9386,6.5045,Back,901.3063063063063
667.9388,6.5264,Back,901.3053053053053
667.939,6.5057,Back,901.3043043043043
667.9392,6.5309,Back,901.3033033033033
667.9394,6.5784,Back,901.3023023023023
667.9396,6.5519,Back,901.3013013013014
667.9398,6.5774,Back,901.3003003003003
667.94,6.5915,Back,901.2992992992993
667.9402,6.5567,Back,901.2982982982983
667.9404,6.573,Back,901.2972972972973
667.9406,6.5647,Back,901.2962962962963
667.9408,6.5433,Back,901.2952952952953
667.941,6.5711,Back,901.2942942942943
667.9412,6.5478,Back,901.2932932932933
667.9414,6.5446,Back,901.2922922922922
667.9416,6.5574,Back,901.2912912912913
667.9418,6.5331,Back,901.2902902902903
667.942,6.5405,Back,901.2892892892893
667.9422,6.5105,Back,901.2882882882883
667.9424,6.5605,Back,901.2872872872873
667.9426,6.5542,Back,901.2862862862863
667.9428,6.5749,Back,901.2852852852853
667.943,6.5723,Back,901.2842842842842
667.9432,6.5781,Back,901.2832832832833
667.9434,6.5857,Back,901.2822822822823
667.9436,6.6026,Back,901.2812812812813
667.9438,6.595,Back,901.2802802802803
667.944,6.6103,Back,901.2792792792793
667.9442,6.6026,Back,901.2782782782783
667.9444,6.5937,Back,901.2772772772772
667.9446,6.6042,Back,901.2762762762762
667.9448,6.615,Back,901.2752752752752
667.945,6.6262,Back,901.2742742742743
667.9452,6.6211,Back,901.2732732732733
667.9454,6.6118,Back,901.2722722722723
667.9456,6.5905,Back,901.2712712712713
667.9458,6.5905,Back,901.2702702702703
667.946,6.5685,Back,901.2692692692692
667.9462,6.5497,Back,901.2682682682682
667.9464,6.5558,Back,901.2672672672672
667.9466,6.5379,Back,901.2662662662663
667.9468,6.5899,Back,901.2652652652653
667.947,6.5491,Back,901.2642642642643
667.9472,6.5742,Back,901.2632632632633
667.9474,6.5653,Back,901.2622622622623
667.9476,6.5978,Back,901.2612612612612
667.9478,6.5781,Back,901.2602602602602
667.948,6.5946,Back,901.2592592592592
667.9482,6.6045,Back,901.2582582582583
667.9484,6.5934,Back,901.2572572572573
667.9486,6.5755,Back,901.2562562562563
667.9488,6.5838,Back,901.2552552552553
667.949,6.5994,Back,901.2542542542543
667.9492,6.5656,Back,901.2532532532532
667.9494,6.5577,Back,901.2522522522522
667.9496,6.5488,Back,901.2512512512512
667.9498,6.4978,Back,901.2502502502502
667.95,6.537,Back,901.2492492492493
667.9502,6.4994,Back,901.2482482482483
667.9504,6.5303,Back,901.2472472472473
667.9506,6.5338,Back,901.2462462462463
667.9508,6.5551,Back,901.2452452452452
667.951,6.5478,Back,901.2442442442442
667.9512,6.5669,Back,901.2432432432432
667.9514,6.5924,Back,901.2422422422422
667.9516,6.5975,Back,901.2412412412413
667.9518,6.6055,Back,901.2402402402403
667.952,6.6017,Back,901.2392392392393
667.9522,6.6122,Back,901.2382382382382
667.9524,6.6246,Back,901.2372372372372
667.9526,6.6472,Back,901.2362362362362
667.9528,6.6536,Back,901.2352352352352
667.953,6.6329,Back,901.2342342342342
667.9532,6.6141,Back,901.2332332332332
667.9534,6.6017,Back,901.2322322322323
667.9536,6.6134,Back,901.2312312312313
667.9538,6.5991,Back,901.2302302302302
667.954,6.5915,Back,901.2292292292292
667.9542,6.5752,Back,901.2282282282282
667.9544,6.5672,Back,901.2272272272272
667.9546,6.5663,Back,901.2262262262262
667.9548,6.5927,Back,901.2252252252252
667.955,6.6001,Back,901.2242242242243
667.9552,6.5864,Back,901.2232232232233
667.9554,6.5819,Back,901.2222222222222
667.9556,6.5793,Back,901.2212212212212
667.9558,6.593,Back,901.2202202202202
667.956,6.5991,Back,901.2192192192192
667.9562,6.5902,Back,901.2182182182182
667.9564,6.6268,Back,901.2172172172172
667.9566,6.6227,Back,901.2162162162163
667.9568,6.6118,Back,901.2152152152153
667.957,6.586,Back,901.2142142142142
667.9572,6.5835,Back,901.2132132132132
667.9574,6.5994,Back,901.2122122122122
667.9576,6.5841,Back,901.2112112112112
667.9578,6.5981,Back,901.2102102102102
667.958,6.5994,Back,901.2092092092092
667.9582,6.609,Back,901.2082082082082
667.9584,6.6017,Back,901.2072072072073
667.9586,6.6029,Back,901.2062062062062
667.9588,6.6131,Back,901.2052052052052
667.959,6.6103,Back,901.2042042042042
667.9592,6.5851,Back,901.2032032032032
667.9594,6.5644,Back,901.2022022022022
667.9596,6.5895,Back,901.2012012012012
667.9598,6.573,Back,901.2002002002002
667.96,6.5707,Back,901.1991991991991
667.9602,6.6096,Back,901.1981981981982
667.9604,6.6032,Back,901.1971971971972
667.9606,6.5892,Back,901.1961961961962
667.9608,6.5879,Back,901.1951951951952
667.961,6.6023,Back,901.1941941941942
667.9612,6.6029,Back,901.1931931931932
667.9614,6.601,Back,901.1921921921922
667.9616,6.6249,Back,901.1911911911911
667.9618,6.6001,Back,901.1901901901902
667.962,6.623,Back,901.1891891891892
667.9622,6.6109,Back,901.1881881881882
667.9624,6.5924,Back,901.1871871871872
667.9626,6.5832,Back,901.1861861861862
667.9628,6.5924,Back,901.1851851851852
667.963,6.5816,Back,901.1841841841842
667.9632,6.5625,Back,901.1831831831831
667.9634,6.529,Back,901.1821821821821
667.9636,6.5264,Back,901.1811811811812
667.9638,6.5586,Back,901.1801801801802
667.964,6.55,Back,901.1791791791792
667.9642,6.5306,Back,901.1781781781782
667.9644,6.4764,Back,901.1771771771772
667.9646,6.522,Back,901.1761761761762
667.9648,6.5666,Back,901.1751751751751
667.965,6.4793,Back,901.1741741741741
667.9652,6.5421,Back,901.1731731731732
667.9654,6.5532,Back,901.1721721721722
667.9656,6.5315,Back,901.1711711711712
667.9658,6.5698,Back,901.1701701701702
667.966,6.5593,Back,901.1691691691692
667.9662,6.5402,Back,901.1681681681682
667.9664,6.5615,Back,901.1671671671671
667.9666,6.5733,Back,901.1661661661661
667.9668,6.5953,Back,901.1651651651651
667.967,6.586,Back,901.1641641641642
667.9672,6.5806,Back,901.1631631631632
667.9674,6.5679,Back,901.1621621621622
667.9676,6.5727,Back,901.1611611611612
667.9678,6.559,Back,901.1601601601602
667.968,6.557,Back,901.1591591591591
667.9682,6.5698,Back,901.1581581581581
667.9684,6.5816,Back,901.1571571571571
667.9686,6.5924,Back,901.1561561561562
667.9688,6.5832,Back,901.1551551551552
667.969,6.6093,Back,901.1541541541542
667.9692,6.6023,Back,901.1531531531532
667.9694,6.5997,Back,901.1521521521521
667.9696,6.5873,Back,901.1511511511511
667.9698,6.5905,Back,901.1501501501501
667.97,6.6099,Back,901.1491491491491
667.9702,6.5978,Back,901.1481481481482
667.9704,6.6134,Back,901.1471471471472
667.9706,6.6361,Back,901.1461461461462
667.9708,6.6243,Back,901.1451451451452
667.971,6.6032,Back,901.1441441441441
667.9712,6.594,Back,901.1431431431431
667.9714,6.6291,Back,901.1421421421421
667.9716,6.6396,Back,901.1411411411411
667.9718,6.6032,Back,901.1401401401401
667.972,6.5857,Back,901.1391391391392
667.9722,6.6087,Back,901.1381381381382
667.9724,6.6036,Back,901.1371371371372
667.9726,6.6013,Back,901.1361361361361
667.9728,6.5956,Back,901.1351351351351
667.973,6.6087,Back,901.1341341341341
667.9732,6.5969,Back,901.1331331331331
667.9734,6.5389,Back,901.1321321321321
667.9736,6.5593,Back,901.1311311311312
667.9738,6.5704,Back,901.1301301301302
667.974,6.5806,Back,901.1291291291292
667.9742,6.5781,Back,901.1281281281281
667.9744,6.5739,Back,901.1271271271271
667.9746,6.5424,Back,901.1261261261261
667.9748,6.5918,Back,901.1251251251251
667.975,6.5755,Back,901.1241241241241
667.9752,6.5778,Back,901.1231231231232
667.9754,6.5695,Back,901.1221221221222
667.9756,6.5733,Back,901.1211211211212
667.9758,6.5644,Back,901.1201201201201
667.976,6.5688,Back,901.1191191191191
667.9762,6.5819,Back,901.1181181181181
667.9764,6.5762,Back,901.1171171171171
667.9766,6.5548,Back,901.1161161161161
667.9768,6.5618,Back,901.1151151151151
667.977,6.5389,Back,901.1141141141142
667.9772,6.5666,Back,901.1131131131131
667.9774,6.5449,Back,901.1121121121121
667.9776,6.5835,Back,901.1111111111111
667.9778,6.6042,Back,901.1101101101101
667.978,6.587,Back,901.1091091091091
667.9782,6.6055,Back,901.1081081081081
667.9784,6.6007,Back,901.1071071071071
667.9786,6.6099,Back,901.1061061061062
667.9788,6.5962,Back,901.105105105105
667.979,6.6055,Back,901.1041041041041
667.9792,6.5994,Back,901.1031031031031
667.9794,6.6154,Back,901.1021021021021
667.9796,6.6166,Back,901.1011011011011
667.9798,6.6134,Back,901.1001001001001
667.98,6.6249,Back,901.0990990990991
667.9802,6.6093,Back,901.0980980980981
667.9804,6.6004,Back,901.097097097097
667.9806,6.5905,Back,901.0960960960961
667.9808,6.5921,Back,901.0950950950951
667.981,6.5876,Back,901.0940940940941
667.9812,6.5551,Back,901.0930930930931
667.9814,6.5746,Back,901.0920920920921
667.9816,6.5736,Back,901.0910910910911
667.9818,6.5991,Back,901.0900900900901
667.982,6.6068,Back,901.089089089089
667.9822,6.6048,Back,901.088088088088
667.9824,6.5844,Back,901.0870870870871
667.9826,6.6131,Back,901.0860860860861
667.9828,6.6243,Back,901.0850850850851
667.983,6.6176,Back,901.0840840840841
667.9832,6.6195,Back,901.0830830830831
667.9834,6.6444,Back,901.0820820820821
667.9836,6.6243,Back,901.081081081081
667.9838,6.5972,Back,901.08008008008
667.984,6.5829,Back,901.0790790790791
667.9842,6.5991,Back,901.0780780780781
667.9844,6.5997,Back,901.0770770770771
667.9846,6.5975,Back,901.0760760760761
667.9848,6.6077,Back,901.0750750750751
667.985,6.6042,Back,901.074074074074
667.9852,6.5755,Back,901.073073073073
667.9854,6.5749,Back,901.072072072072
667.9856,6.5656,Back,901.0710710710711
667.9858,6.565,Back,901.0700700700701
667.986,6.5685,Back,901.0690690690691
667.9862,6.5529,Back,901.0680680680681
667.9864,6.5886,Back,901.0670670670671
667.9866,6.5864,Back,901.066066066066
667.9868,6.5386,Back,901.065065065065
667.987,6.5806,Back,901.064064064064
667.9872,6.572,Back,901.063063063063
667.9874,6.573,Back,901.0620620620621
667.9876,6.5864,Back,901.0610610610611
667.9878,6.5943,Back,901.0600600600601
667.988,6.5886,Back,901.0590590590591
667.9882,6.5908,Back,901.058058058058
667.9884,6.5816,Back,901.057057057057
667.9886,6.5956,Back,901.056056056056
667.9888,6.5778,Back,901.055055055055
667.989,6.6039,Back,901.0540540540541
667.9892,6.6138,Back,901.0530530530531
667.9894,6.5988,Back,901.0520520520521
667.9896,6.5854,Back,901.0510510510511
667.9898,6.6068,Back,901.05005005005
667.99,6.5618,Back,901.049049049049
667.9902,6.5405,Back,901.048048048048
667.9904,6.5621,Back,901.047047047047
667.9906,6.5408,Back,901.0460460460461
667.9908,6.5268,Back,901.0450450450451
667.991,6.5172,Back,901.0440440440441
667.9912,6.508,Back,901.0430430430431
667.9914,6.4876,Back,901.042042042042
667.9916,6.4946,Back,901.041041041041
667.9918,6.4949,Back,901.04004004004
667.992,6.5003,Back,901.039039039039
667.9922,6.4748,Back,901.038038038038
667.9924,6.5156,Back,901.0370370370371
667.9926,6.5335,Back,901.0360360360361
667.9928,6.5178,Back,901.035035035035
667.993,6.5335,Back,901.034034034034
667.9932,6.5583,Back,901.033033033033
667.9934,6.586,Back,901.032032032032
667.9936,6.5593,Back,901.031031031031
667.9938,6.5793,Back,901.03003003003
667.994,6.5742,Back,901.0290290290291
667.9942,6.5637,Back,901.0280280280281
667.9944,6.5615,Back,901.027027027027
667.9946,6.5472,Back,901.026026026026
667.9948,6.5577,Back,901.025025025025
667.995,6.5357,Back,901.024024024024
667.9952,6.5695,Back,901.023023023023
667.9954,6.5443,Back,901.022022022022
667.9956,6.5583,Back,901.021021021021
667.9958,6.5392,Back,901.0200200200201
667.996,6.5507,Back,901.019019019019
667.9962,6.5433,Back,901.018018018018
667.9964,6.5819,Back,901.017017017017
667.9966,6.5628,Back,901.016016016016
667.9968,6.5981,Back,901.015015015015
667.997,6.5899,Back,901.014014014014
667.9972,6.5985,Back,901.013013013013
667.9974,6.5857,Back,901.0120120120121
667.9976,6.5902,Back,901.011011011011
667.9978,6.5701,Back,901.01001001001
667.998,6.6157,Back,901.009009009009
667.9982,6.6265,Back,901.008008008008
667.9984,6.6023,Back,901.007007007007
667.9986,6.5956,Back,901.006006006006
667.9988,6.5784,Back,901.005005005005
667.999,6.601,Back,901.0040040040041
667.9992,6.5806,Back,901.003003003003
667.9994,6.594,Back,901.002002002002
667.9996,6.5586,Back,901.001001001001
667.9998,6.5615,Back,901.0
