Time,V,Label,Depth
102.2,0.0018,Go,233.0
102.2002,0.0145,Go,233.00100100100101
102.2004,0.0117,Go,233.002002002002
102.2006,0.0184,Go,233.00300300300302
102.2008,0.0212,Go,233.004004004004
102.201,0.0263,Go,233.00500500500502
102.2012,0.0193,Go,233.006006006006
102.2014,0.0206,Go,233.00700700700702
102.2016,0.0289,Go,233.008008008008
102.2018,0.0308,Go,233.00900900900902
102.202,0.0241,Go,233.01001001001
102.2022,0.0636,Go,233.01101101101102
102.2024,0.0161,Go,233.012012012012
102.2026,0.0145,Go,233.01301301301302
102.2028,0.0149,Go,233.014014014014
102.203,0.0184,Go,233.01501501501502
102.2032,3.9058,Go,233.016016016016
102.2034,0.0139,Go,233.01701701701703
102.2036,0.0168,Go,233.018018018018
102.2038,0.019,Go,233.01901901901903
102.204,0.0142,Go,233.02002002002
102.2042,0.0244,Go,233.02102102102103
102.2044,0.0435,Go,233.022022022022
102.2046,0.0206,Go,233.02302302302303
102.2048,0.0123,Go,233.02402402402402
102.205,0.0142,Go,233.02502502502503
102.2052,0.0126,Go,233.02602602602602
102.2054,0.0123,Go,233.02702702702703
102.2056,0.0181,Go,233.02802802802802
102.2058,0.0209,Go,233.02902902902903
102.206,1.9804,Go,233.03003003003002
102.2062,0.0292,Go,233.03103103103103
102.2064,0.02,Go,233.03203203203202
102.2066,0.0353,Go,233.03303303303304
102.2068,6.754,Go,233.03403403403402
102.207,6.7304,Go,233.03503503503504
102.2072,6.7301,Go,233.03603603603602
102.2074,6.7278,Go,233.03703703703704
102.2076,6.7148,Go,233.03803803803802
102.2078,6.7215,Go,233.03903903903904
102.208,6.6772,Go,233.04004004004005
102.2082,0.0216,Go,233.04104104104104
102.2084,0.0432,Go,233.04204204204206
102.2086,0.0318,Go,233.04304304304304
102.2088,0.0142,Go,233.04404404404406
102.209,1.6649,Go,233.04504504504504
102.2092,0.0662,Go,233.04604604604606
102.2094,0.0308,Go,233.04704704704704
102.2096,0.0289,Go,233.04804804804806
102.2098,0.0324,Go,233.04904904904905
102.21,0.0267,Go,233.05005005005006
102.2102,0.6914,Go,233.05105105105105
102.2104,0.0407,Go,233.05205205205206
102.2106,0.0257,Go,233.05305305305305
102.2108,0.6707,Go,233.05405405405406
102.211,0.3291,Go,233.05505505505505
102.2112,0.0241,Go,233.05605605605606
102.2114,0.0432,Go,233.05705705705705
102.2116,6.3576,Go,233.05805805805807
102.2118,0.0384,Go,233.05905905905905
102.212,0.0203,Go,233.06006006006007
102.2122,0.071,Go,233.06106106106105
102.2124,0.0716,Go,233.06206206206207
102.2126,2.118,Go,233.06306306306305
102.2128,1.6601,Go,233.06406406406407
102.213,0.0133,Go,233.06506506506506
102.2132,0.0333,Go,233.06606606606607
102.2134,0.0369,Go,233.06706706706706
102.2136,0.1525,Go,233.06806806806807
102.2138,0.0165,Go,233.06906906906906
102.214,0.0174,Go,233.07007007007007
102.2142,0.2344,Go,233.07107107107106
102.2144,0.2309,Go,233.07207207207207
102.2146,0.0034,Go,233.07307307307306
102.2148,0.0308,Go,233.07407407407408
102.215,0.8635,Go,233.07507507507506
102.2152,0.0037,Go,233.07607607607608
102.2154,0.013,Go,233.07707707707706
102.2156,0.0117,Go,233.07807807807808
102.2158,0.0257,Go,233.07907907907907
102.216,0.0292,Go,233.08008008008008
102.2162,0.0343,Go,233.0810810810811
102.2164,0.0388,Go,233.08208208208208
102.2166,0.078,Go,233.0830830830831
102.2168,0.0158,Go,233.08408408408408
102.217,0.0209,Go,233.0850850850851
102.2172,0.0171,Go,233.08608608608608
102.2174,0.0499,Go,233.0870870870871
102.2176,0.0209,Go,233.08808808808809
102.2178,0.0222,Go,233.0890890890891
102.218,0.1063,Go,233.0900900900901
102.2182,0.0247,Go,233.0910910910911
102.2184,0.005,Go,233.0920920920921
102.2186,0.0193,Go,233.0930930930931
102.2188,0.0251,Go,233.0940940940941
102.219,0.0165,Go,233.0950950950951
102.2192,0.0117,Go,233.0960960960961
102.2194,0.0066,Go,233.0970970970971
102.2196,0.013,Go,233.0980980980981
102.2198,0.013,Go,233.0990990990991
102.22,0.0126,Go,233.1001001001001
102.2202,0.011,Go,233.1011011011011
102.2204,0.0477,Go,233.1021021021021
102.2206,0.0177,Go,233.1031031031031
102.2208,1.8892,Go,233.1041041041041
102.221,0.0225,Go,233.1051051051051
102.2212,0.0193,Go,233.1061061061061
102.2214,0.0177,Go,233.1071071071071
102.2216,0.0059,Go,233.1081081081081
102.2218,0.019,Go,233.1091091091091
102.222,0.0104,Go,233.1101101101101
102.2222,0.0123,Go,233.11111111111111
102.2224,0.0171,Go,233.1121121121121
102.2226,0.0136,Go,233.11311311311312
102.2228,0.0044,Go,233.1141141141141
102.223,3.3557,Go,233.11511511511512
102.2232,0.0496,Go,233.1161161161161
102.2234,0.0244,Go,233.11711711711712
102.2236,0.0298,Go,233.1181181181181
102.2238,0.0251,Go,233.11911911911912
102.224,0.0302,Go,233.12012012012013
102.2242,0.0311,Go,233.12112112112112
102.2244,0.0439,Go,233.12212212212214
102.2246,0.0212,Go,233.12312312312312
102.2248,0.0212,Go,233.12412412412414
102.225,0.0238,Go,233.12512512512512
102.2252,0.0225,Go,233.12612612612614
102.2254,0.0569,Go,233.12712712712712
102.2256,0.0181,Go,233.12812812812814
102.2258,0.0286,Go,233.12912912912913
102.226,0.2086,Go,233.13013013013014
102.2262,0.0506,Go,233.13113113113113
102.2264,0.0751,Go,233.13213213213214
102.2266,0.0646,Go,233.13313313313313
102.2268,0.063,Go,233.13413413413414
102.227,0.7433,Go,233.13513513513513
102.2272,0.0506,Go,233.13613613613614
102.2274,0.056,Go,233.13713713713713
102.2276,0.0267,Go,233.13813813813815
102.2278,1.8778,Go,233.13913913913913
102.228,0.0343,Go,233.14014014014015
102.2282,0.786,Go,233.14114114114113
102.2284,0.0283,Go,233.14214214214215
102.2286,0.0158,Go,233.14314314314313
102.2288,0.0012,Go,233.14414414414415
102.229,0.0184,Go,233.14514514514514
102.2292,0.0302,Go,233.14614614614615
102.2294,0.0216,Go,233.14714714714714
102.2296,0.0228,Go,233.14814814814815
102.2298,0.0219,Go,233.14914914914914
102.23,0.1433,Go,233.15015015015015
102.2302,0.0238,Go,233.15115115115114
102.2304,0.0193,Go,233.15215215215215
102.2306,0.0193,Go,233.15315315315314
102.2308,0.0174,Go,233.15415415415416
102.231,0.0082,Go,233.15515515515514
102.2312,0.0114,Go,233.15615615615616
102.2314,0.0547,Go,233.15715715715714
102.2316,0.0257,Go,233.15815815815816
102.2318,0.0643,Go,233.15915915915915
102.232,0.0257,Go,233.16016016016016
102.2322,0.0372,Go,233.16116116116117
102.2324,0.042,Go,233.16216216216216
102.2326,0.0729,Go,233.16316316316318
102.2328,0.084,Go,233.16416416416416
102.233,0.6936,Go,233.16516516516518
102.2332,0.0528,Go,233.16616616616616
102.2334,5.0698,Go,233.16716716716718
102.2336,0.0496,Go,233.16816816816817
102.2338,0.0448,Go,233.16916916916918
102.234,0.6541,Go,233.17017017017017
102.2342,0.0458,Go,233.17117117117118
102.2344,0.3361,Go,233.17217217217217
102.2346,0.0283,Go,233.17317317317318
102.2348,0.0225,Go,233.17417417417417
102.235,0.9135,Go,233.17517517517518
102.2352,0.0257,Go,233.17617617617617
102.2354,1.4543,Go,233.17717717717719
102.2356,0.0432,Go,233.17817817817817
102.2358,0.0767,Go,233.1791791791792
102.236,0.005,Go,233.18018018018017
102.2362,0.0843,Go,233.1811811811812
102.2364,0.0553,Go,233.18218218218217
102.2366,0.0502,Go,233.1831831831832
102.2368,0.0872,Go,233.18418418418418
102.237,0.0735,Go,233.1851851851852
102.2372,0.2398,Go,233.18618618618618
102.2374,0.0467,Go,233.1871871871872
102.2376,0.0235,Go,233.18818818818818
102.2378,0.0499,Go,233.1891891891892
102.238,0.0333,Go,233.19019019019018
102.2382,1.6044,Go,233.1911911911912
102.2384,0.0206,Go,233.19219219219218
102.2386,0.4202,Go,233.1931931931932
102.2388,0.0346,Go,233.19419419419418
102.239,0.041,Go,233.1951951951952
102.2392,0.0585,Go,233.19619619619618
102.2394,0.0875,Go,233.1971971971972
102.2396,0.0907,Go,233.19819819819818
102.2398,0.6449,Go,233.1991991991992
102.24,0.0773,Go,233.20020020020021
102.2402,0.0588,Go,233.2012012012012
102.2404,0.0493,Go,233.20220220220222
102.2406,0.685,Go,233.2032032032032
102.2408,0.0362,Go,233.20420420420422
102.241,0.0085,Go,233.2052052052052
102.2412,0.02,Go,233.20620620620622
102.2414,0.0216,Go,233.2072072072072
102.2416,1.7248,Go,233.20820820820822
102.2418,0.0091,Go,233.2092092092092
102.242,1.6292,Go,233.21021021021022
102.2422,0.0394,Go,233.2112112112112
102.2424,0.0486,Go,233.21221221221222
102.2426,0.0251,Go,233.2132132132132
102.2428,0.0292,Go,233.21421421421422
102.243,0.0359,Go,233.2152152152152
102.2432,0.0155,Go,233.21621621621622
102.2434,0.0232,Go,233.2172172172172
102.2436,0.0008,Go,233.21821821821823
102.2438,0.0161,Go,233.2192192192192
102.244,0.0133,Go,233.22022022022023
102.2442,0.0104,Go,233.2212212212212
102.2444,0.0091,Go,233.22222222222223
102.2446,0.0155,Go,233.22322322322321
102.2448,0.0359,Go,233.22422422422423
102.245,0.0149,Go,233.22522522522522
102.2452,0.1962,Go,233.22622622622623
102.2454,0.0021,Go,233.22722722722722
102.2456,0.0085,Go,233.22822822822823
102.2458,0.0171,Go,233.22922922922922
102.246,5.3152,Go,233.23023023023023
102.2462,0.0171,Go,233.23123123123122
102.2464,3.806,Go,233.23223223223223
102.2466,0.0133,Go,233.23323323323322
102.2468,0.041,Go,233.23423423423424
102.247,0.0216,Go,233.23523523523522
102.2472,0.0257,Go,233.23623623623624
102.2474,0.0305,Go,233.23723723723722
102.2476,0.0241,Go,233.23823823823824
102.2478,0.0279,Go,233.23923923923923
102.248,0.0095,Go,233.24024024024024
102.2482,0.0123,Go,233.24124124124126
102.2484,0.0142,Go,233.24224224224224
102.2486,0.0149,Go,233.24324324324326
102.2488,0.0126,Go,233.24424424424424
102.249,0.0158,Go,233.24524524524526
102.2492,0.0133,Go,233.24624624624624
102.2494,0.0209,Go,233.24724724724726
102.2496,0.0238,Go,233.24824824824825
102.2498,0.0506,Go,233.24924924924926
102.25,0.0114,Go,233.25025025025025
102.2502,0.0381,Go,233.25125125125126
102.2504,0.0289,Go,233.25225225225225
102.2506,0.0445,Go,233.25325325325326
102.2508,0.0633,Go,233.25425425425425
102.251,0.0738,Go,233.25525525525526
102.2512,0.0789,Go,233.25625625625625
102.2514,2.228,Go,233.25725725725727
102.2516,0.0295,Go,233.25825825825825
102.2518,0.0193,Go,233.25925925925927
102.252,0.0372,Go,233.26026026026025
102.2522,0.0298,Go,233.26126126126127
102.2524,0.0397,Go,233.26226226226225
102.2526,0.0324,Go,233.26326326326327
102.2528,0.0308,Go,233.26426426426426
102.253,0.0913,Go,233.26526526526527
102.2532,0.0349,Go,233.26626626626626
102.2534,0.0369,Go,233.26726726726727
102.2536,0.0474,Go,233.26826826826826
102.2538,0.0283,Go,233.26926926926927
102.254,0.0337,Go,233.27027027027026
102.2542,5.0864,Go,233.27127127127127
102.2544,0.0286,Go,233.27227227227226
102.2546,0.0216,Go,233.27327327327328
102.2548,0.838,Go,233.27427427427426
102.255,0.1044,Go,233.27527527527528
102.2552,0.0837,Go,233.27627627627626
102.2554,0.1503,Go,233.27727727727728
102.2556,0.0145,Go,233.27827827827826
102.2558,0.0107,Go,233.27927927927928
102.256,0.0241,Go,233.2802802802803
102.2562,0.041,Go,233.28128128128128
102.2564,0.0512,Go,233.2822822822823
102.2566,0.0601,Go,233.28328328328328
102.2568,0.0713,Go,233.2842842842843
102.257,0.0623,Go,233.28528528528528
102.2572,0.0311,Go,233.2862862862863
102.2574,0.0528,Go,233.28728728728728
102.2576,0.0458,Go,233.2882882882883
102.2578,0.0668,Go,233.2892892892893
102.258,0.0913,Go,233.2902902902903
102.2582,1.2111,Go,233.2912912912913
102.2584,0.0158,Go,233.2922922922923
102.2586,0.0098,Go,233.2932932932933
102.2588,0.0104,Go,233.2942942942943
102.259,0.0181,Go,233.2952952952953
102.2592,0.0091,Go,233.2962962962963
102.2594,0.0082,Go,233.2972972972973
102.2596,0.0047,Go,233.2982982982983
102.2598,0.0085,Go,233.2992992992993
102.26,0.0209,Go,233.3003003003003
102.2602,0.012,Go,233.3013013013013
102.2604,0.004,Go,233.3023023023023
102.2606,0.0047,Go,233.3033033033033
102.2608,0.0037,Go,233.3043043043043
102.261,0.0044,Go,233.3053053053053
102.2612,-0.0055,Go,233.3063063063063
102.2614,-0.0023,Go,233.3073073073073
102.2616,-0.0011,Go,233.3083083083083
102.2618,0.0037,Go,233.3093093093093
102.262,0.0136,Go,233.3103103103103
102.2622,0.0216,Go,233.3113113113113
102.2624,0.0219,Go,233.31231231231232
102.2626,0.0145,Go,233.3133133133133
102.2628,0.0104,Go,233.31431431431432
102.263,0.0117,Go,233.3153153153153
102.2632,0.0117,Go,233.31631631631632
102.2634,0.0075,Go,233.3173173173173
102.2636,0.0095,Go,233.31831831831832
102.2638,0.0079,Go,233.3193193193193
102.264,0.0085,Go,233.32032032032032
102.2642,0.0123,Go,233.32132132132134
102.2644,0.0184,Go,233.32232232232232
102.2646,0.0056,Go,233.32332332332334
102.2648,-0.0004,Go,233.32432432432432
102.265,0.0066,Go,233.32532532532534
102.2652,0.011,Go,233.32632632632632
102.2654,0.0585,Go,233.32732732732734
102.2656,0.0964,Go,233.32832832832833
102.2658,0.0082,Go,233.32932932932934
102.266,0.0181,Go,233.33033033033033
102.2662,0.0063,Go,233.33133133133134
102.2664,0.0044,Go,233.33233233233233
102.2666,0.0095,Go,233.33333333333334
102.2668,0.0075,Go,233.33433433433433
102.267,0.0123,Go,233.33533533533534
102.2672,0.0095,Go,233.33633633633633
102.2674,0.0072,Go,233.33733733733735
102.2676,0.0047,Go,233.33833833833833
102.2678,0.0107,Go,233.33933933933935
102.268,0.0085,Go,233.34034034034033
102.2682,0.0091,Go,233.34134134134135
102.2684,3.1378,Go,233.34234234234233
102.2686,0.0445,Go,233.34334334334335
102.2688,0.0126,Go,233.34434434434434
102.269,0.0018,Go,233.34534534534535
102.2692,0.0095,Go,233.34634634634634
102.2694,0.0079,Go,233.34734734734735
102.2696,0.0098,Go,233.34834834834834
102.2698,0.0123,Go,233.34934934934935
102.27,0.0091,Go,233.35035035035034
102.2702,0.0104,Go,233.35135135135135
102.2704,5.2853,Go,233.35235235235234
102.2706,1.633,Go,233.35335335335336
102.2708,0.0216,Go,233.35435435435434
102.271,0.0378,Go,233.35535535535536
102.2712,0.0404,Go,233.35635635635634
102.2714,0.0318,Go,233.35735735735736
102.2716,0.0174,Go,233.35835835835834
102.2718,0.0228,Go,233.35935935935936
102.272,0.019,Go,233.36036036036037
102.2722,0.0557,Go,233.36136136136136
102.2724,0.0254,Go,233.36236236236238
102.2726,0.0337,Go,233.36336336336336
102.2728,0.0773,Go,233.36436436436438
102.273,0.2077,Go,233.36536536536536
102.2732,0.0461,Go,233.36636636636638
102.2734,0.0302,Go,233.36736736736736
102.2736,0.0286,Go,233.36836836836838
102.2738,0.0276,Go,233.36936936936937
102.274,0.1207,Go,233.37037037037038
102.2742,0.0203,Go,233.37137137137137
102.2744,0.0228,Go,233.37237237237238
102.2746,0.0158,Go,233.37337337337337
102.2748,0.5719,Go,233.37437437437438
102.275,0.034,Go,233.37537537537537
102.2752,0.0219,Go,233.37637637637638
102.2754,0.0391,Go,233.37737737737737
102.2756,0.0388,Go,233.3783783783784
102.2758,0.0384,Go,233.37937937937937
102.276,0.0225,Go,233.3803803803804
102.2762,0.0283,Go,233.38138138138137
102.2764,0.0276,Go,233.3823823823824
102.2766,3.7228,Go,233.38338338338338
102.2768,4.3258,Go,233.3843843843844
102.277,0.0283,Go,233.38538538538538
102.2772,0.4658,Go,233.3863863863864
102.2774,0.0486,Go,233.38738738738738
102.2776,0.034,Go,233.3883883883884
102.2778,0.4779,Go,233.38938938938938
102.278,0.8351,Go,233.3903903903904
102.2782,0.0235,Go,233.39139139139138
102.2784,0.0273,Go,233.3923923923924
102.2786,0.0318,Go,233.39339339339338
102.2788,0.0365,Go,233.3943943943944
102.279,0.0391,Go,233.39539539539538
102.2792,0.0047,Go,233.3963963963964
102.2794,0.0053,Go,233.39739739739738
102.2796,0.0257,Go,233.3983983983984
102.2798,0.0365,Go,233.39939939939939
102.28,0.0381,Go,233.4004004004004
102.2802,0.0318,Go,233.40140140140142
102.2804,0.4087,Go,233.4024024024024
102.2806,3.5119,Go,233.40340340340342
102.2808,0.0244,Go,233.4044044044044
102.281,0.0337,Go,233.40540540540542
102.2812,0.0088,Go,233.4064064064064
102.2814,0.0187,Go,233.40740740740742
102.2816,0.0085,Go,233.4084084084084
102.2818,0.0196,Go,233.40940940940942
102.282,0.0222,Go,233.4104104104104
102.2822,0.0225,Go,233.41141141141142
102.2824,0.0273,Go,233.4124124124124
102.2826,0.0286,Go,233.41341341341342
102.2828,0.0416,Go,233.4144144144144
102.283,0.0426,Go,233.41541541541542
102.2832,0.0477,Go,233.4164164164164
102.2834,0.0222,Go,233.41741741741743
102.2836,0.0232,Go,233.4184184184184
102.2838,0.0117,Go,233.41941941941943
102.284,4.7145,Go,233.4204204204204
102.2842,0.0232,Go,233.42142142142143
102.2844,0.048,Go,233.42242242242241
102.2846,0.0665,Go,233.42342342342343
102.2848,0.0212,Go,233.42442442442442
102.285,0.0161,Go,233.42542542542543
102.2852,0.6589,Go,233.42642642642642
102.2854,0.0228,Go,233.42742742742743
102.2856,0.0247,Go,233.42842842842842
102.2858,0.0088,Go,233.42942942942943
102.286,0.0149,Go,233.43043043043042
102.2862,0.0308,Go,233.43143143143143
102.2864,0.0149,Go,233.43243243243242
102.2866,0.0244,Go,233.43343343343344
102.2868,0.019,Go,233.43443443443442
102.287,0.49,Go,233.43543543543544
102.2872,0.0327,Go,233.43643643643642
102.2874,0.0107,Go,233.43743743743744
102.2876,0.02,Go,233.43843843843842
102.2878,0.0206,Go,233.43943943943944
102.288,0.0018,Go,233.44044044044045
102.2882,0.0053,Go,233.44144144144144
102.2884,0.0161,Go,233.44244244244246
102.2886,0.0142,Go,233.44344344344344
102.2888,0.0123,Go,233.44444444444446
102.289,0.0104,Go,233.44544544544544
102.2892,0.0095,Go,233.44644644644646
102.2894,0.0091,Go,233.44744744744744
102.2896,0.0091,Go,233.44844844844846
102.2898,0.0037,Go,233.44944944944945
102.29,0.0063,Go,233.45045045045046
102.2902,0.0088,Go,233.45145145145145
102.2904,0.0075,Go,233.45245245245246
102.2906,0.0066,Go,233.45345345345345
102.2908,0.0104,Go,233.45445445445446
102.291,0.004,Go,233.45545545545545
102.2912,0.0069,Go,233.45645645645646
102.2914,0.0053,Go,233.45745745745745
102.2916,0.0117,Go,233.45845845845847
102.2918,0.0126,Go,233.45945945945945
102.292,0.0107,Go,233.46046046046047
102.2922,0.0611,Go,233.46146146146145
102.2924,0.0066,Go,233.46246246246247
102.2926,0.0091,Go,233.46346346346346
102.2928,0.0088,Go,233.46446446446447
102.293,0.0075,Go,233.46546546546546
102.2932,0.0142,Go,233.46646646646647
102.2934,0.0005,Go,233.46746746746746
102.2936,0.0196,Go,233.46846846846847
102.2938,0.1898,Go,233.46946946946946
102.294,0.3071,Go,233.47047047047047
102.2942,0.0091,Go,233.47147147147146
102.2944,0.0133,Go,233.47247247247248
102.2946,0.0232,Go,233.47347347347346
102.2948,0.0308,Go,233.47447447447448
102.295,0.0423,Go,233.47547547547546
102.2952,0.0445,Go,233.47647647647648
102.2954,0.0547,Go,233.47747747747746
102.2956,2.6974,Go,233.47847847847848
102.2958,0.0024,Go,233.47947947947947
102.296,0.0165,Go,233.48048048048048
102.2962,0.0216,Go,233.4814814814815
102.2964,0.0158,Go,233.48248248248248
102.2966,0.0133,Go,233.4834834834835
102.2968,0.0133,Go,233.48448448448448
102.297,0.0241,Go,233.4854854854855
102.2972,0.0451,Go,233.48648648648648
102.2974,0.0257,Go,233.4874874874875
102.2976,0.0346,Go,233.48848848848849
102.2978,0.0219,Go,233.4894894894895
102.298,0.0091,Go,233.4904904904905
102.2982,0.0212,Go,233.4914914914915
102.2984,0.0251,Go,233.4924924924925
102.2986,0.04,Go,233.4934934934935
102.2988,0.0193,Go,233.4944944944945
102.299,0.0254,Go,233.4954954954955
102.2992,0.0289,Go,233.4964964964965
102.2994,0.0493,Go,233.4974974974975
102.2996,0.0206,Go,233.4984984984985
102.2998,0.011,Go,233.4994994994995
102.3,0.0232,Go,233.5005005005005
102.3002,0.0149,Go,233.5015015015015
102.3004,0.0232,Go,233.5025025025025
102.3006,0.0181,Go,233.5035035035035
102.3008,0.3498,Go,233.5045045045045
102.301,1.4565,Go,233.5055055055055
102.3012,0.0098,Go,233.5065065065065
102.3014,0.0751,Go,233.5075075075075
102.3016,0.0502,Go,233.5085085085085
102.3018,0.0423,Go,233.5095095095095
102.302,0.0174,Go,233.5105105105105
102.3022,0.027,Go,233.51151151151151
102.3024,4.3771,Go,233.5125125125125
102.3026,0.0528,Go,233.51351351351352
102.3028,0.0375,Go,233.5145145145145
102.303,0.0416,Go,233.51551551551552
102.3032,1.1149,Go,233.5165165165165
102.3034,0.0359,Go,233.51751751751752
102.3036,0.1035,Go,233.5185185185185
102.3038,0.0442,Go,233.51951951951952
102.304,0.0397,Go,233.52052052052053
102.3042,0.0247,Go,233.52152152152152
102.3044,0.0267,Go,233.52252252252254
102.3046,0.0343,Go,233.52352352352352
102.3048,0.0432,Go,233.52452452452454
102.305,0.0604,Go,233.52552552552552
102.3052,0.0114,Go,233.52652652652654
102.3054,0.0174,Go,233.52752752752752
102.3056,0.02,Go,233.52852852852854
102.3058,0.0971,Go,233.52952952952953
102.306,0.0216,Go,233.53053053053054
102.3062,3.9118,Go,233.53153153153153
102.3064,0.0177,Go,233.53253253253254
102.3066,0.0311,Go,233.53353353353353
102.3068,0.0295,Go,233.53453453453454
102.307,0.0107,Go,233.53553553553553
102.3072,0.0203,Go,233.53653653653654
102.3074,0.0216,Go,233.53753753753753
102.3076,0.0206,Go,233.53853853853855
102.3078,0.0228,Go,233.53953953953953
102.308,0.0232,Go,233.54054054054055
102.3082,0.0158,Go,233.54154154154153
102.3084,0.0238,Go,233.54254254254255
102.3086,0.0333,Go,233.54354354354354
102.3088,0.2,Go,233.54454454454455
102.309,0.0203,Go,233.54554554554554
102.3092,0.026,Go,233.54654654654655
102.3094,0.0095,Go,233.54754754754754
102.3096,0.0228,Go,233.54854854854855
102.3098,0.0059,Go,233.54954954954954
102.31,0.0069,Go,233.55055055055055
102.3102,0.1854,Go,233.55155155155154
102.3104,0.0021,Go,233.55255255255256
102.3106,0.0002,Go,233.55355355355354
102.3108,0.0101,Go,233.55455455455456
102.311,0.0196,Go,233.55555555555554
102.3112,0.0251,Go,233.55655655655656
102.3114,0.0155,Go,233.55755755755754
102.3116,-0.0023,Go,233.55855855855856
102.3118,0.0091,Go,233.55955955955955
102.312,-0.002,Go,233.56056056056056
102.3122,0.0298,Go,233.56156156156158
102.3124,0.0531,Go,233.56256256256256
102.3126,0.056,Go,233.56356356356358
102.3128,0.0617,Go,233.56456456456456
102.313,0.0174,Go,233.56556556556558
102.3132,0.0789,Go,233.56656656656656
102.3134,0.0273,Go,233.56756756756758
102.3136,0.0311,Go,233.56856856856857
102.3138,0.0598,Go,233.56956956956958
102.314,0.6471,Go,233.57057057057057
102.3142,0.0168,Go,233.57157157157158
102.3144,0.4569,Go,233.57257257257257
102.3146,0.0295,Go,233.57357357357358
102.3148,0.0257,Go,233.57457457457457
102.315,1.6748,Go,233.57557557557558
102.3152,0.0308,Go,233.57657657657657
102.3154,0.0283,Go,233.57757757757759
102.3156,0.0343,Go,233.57857857857857
102.3158,0.0136,Go,233.5795795795796
102.316,0.0174,Go,233.58058058058057
102.3162,0.0152,Go,233.5815815815816
102.3164,0.0429,Go,233.58258258258257
102.3166,0.0114,Go,233.5835835835836
102.3168,0.0142,Go,233.58458458458458
102.317,0.0091,Go,233.5855855855856
102.3172,0.012,Go,233.58658658658658
102.3174,0.0263,Go,233.5875875875876
102.3176,0.048,Go,233.58858858858858
102.3178,0.0388,Go,233.5895895895896
102.318,0.3976,Go,233.59059059059058
102.3182,0.011,Go,233.5915915915916
102.3184,-0.0039,Go,233.59259259259258
102.3186,0.0085,Go,233.5935935935936
102.3188,0.013,Go,233.59459459459458
102.319,0.0359,Go,233.5955955955956
102.3192,0.0318,Go,233.59659659659658
102.3194,0.0219,Go,233.5975975975976
102.3196,0.0158,Go,233.59859859859858
102.3198,0.0107,Go,233.5995995995996
102.32,0.0133,Go,233.60060060060061
102.3202,0.0161,Go,233.6016016016016
102.3204,0.0464,Go,233.60260260260262
102.3206,0.0059,Go,233.6036036036036
102.3208,0.011,Go,233.60460460460462
102.321,0.0123,Go,233.6056056056056
102.3212,0.012,Go,233.60660660660662
102.3214,0.3147,Go,233.6076076076076
102.3216,0.011,Go,233.60860860860862
102.3218,0.0021,Go,233.6096096096096
102.322,0.0149,Go,233.61061061061062
102.3222,0.0037,Go,233.6116116116116
102.3224,0.0174,Go,233.61261261261262
102.3226,0.0088,Go,233.6136136136136
102.3228,0.0107,Go,233.61461461461462
102.323,0.0069,Go,233.6156156156156
102.3232,0.0133,Go,233.61661661661662
102.3234,0.0082,Go,233.6176176176176
102.3236,0.012,Go,233.61861861861863
102.3238,0.0149,Go,233.6196196196196
102.324,0.0155,Go,233.62062062062063
102.3242,0.0091,Go,233.6216216216216
102.3244,0.0318,Go,233.62262262262263
102.3246,0.0232,Go,233.62362362362362
102.3248,0.0018,Go,233.62462462462463
102.325,0.0066,Go,233.62562562562562
102.3252,0.0037,Go,233.62662662662663
102.3254,0.0075,Go,233.62762762762762
102.3256,0.0091,Go,233.62862862862863
102.3258,0.0289,Go,233.62962962962962
102.326,0.0075,Go,233.63063063063063
102.3262,0.0069,Go,233.63163163163162
102.3264,0.0095,Go,233.63263263263264
102.3266,0.0126,Go,233.63363363363362
102.3268,0.0155,Go,233.63463463463464
102.327,0.0228,Go,233.63563563563562
102.3272,0.0181,Go,233.63663663663664
102.3274,0.02,Go,233.63763763763762
102.3276,0.0193,Go,233.63863863863864
102.3278,0.019,Go,233.63963963963963
102.328,0.0165,Go,233.64064064064064
102.3282,0.0059,Go,233.64164164164166
102.3284,0.0008,Go,233.64264264264264
102.3286,0.0021,Go,233.64364364364366
102.3288,0.0021,Go,233.64464464464464
102.329,0.0031,Go,233.64564564564566
102.3292,0.0028,Go,233.64664664664664
102.3294,0.0047,Go,233.64764764764766
102.3296,3.4058,Go,233.64864864864865
102.3298,0.0044,Go,233.64964964964966
102.33,0.0002,Go,233.65065065065065
102.3302,0.0031,Go,233.65165165165166
102.3304,0.0021,Go,233.65265265265265
102.3306,0.0024,Go,233.65365365365366
102.3308,0.0005,Go,233.65465465465465
102.331,0.0012,Go,233.65565565565566
102.3312,0.0031,Go,233.65665665665665
102.3314,0.0075,Go,233.65765765765767
102.3316,0.0095,Go,233.65865865865865
102.3318,0.0091,Go,233.65965965965967
102.332,0.0174,Go,233.66066066066065
102.3322,0.0235,Go,233.66166166166167
102.3324,0.0002,Go,233.66266266266265
102.3326,0.005,Go,233.66366366366367
102.3328,0.0066,Go,233.66466466466466
102.333,0.0091,Go,233.66566566566567
102.3332,0.0238,Go,233.66666666666666
102.3334,0.0053,Go,233.66766766766767
102.3336,0.013,Go,233.66866866866866
102.3338,0.0158,Go,233.66966966966967
102.334,0.0133,Go,233.67067067067066
102.3342,0.0168,Go,233.67167167167167
102.3344,0.0196,Go,233.67267267267266
102.3346,0.0069,Go,233.67367367367368
102.3348,0.4578,Go,233.67467467467466
102.335,0.0047,Go,233.67567567567568
102.3352,0.0069,Go,233.67667667667666
102.3354,0.1436,Go,233.67767767767768
102.3356,0.2316,Go,233.67867867867866
102.3358,0.0002,Go,233.67967967967968
102.336,0.0047,Go,233.6806806806807
102.3362,0.0028,Go,233.68168168168168
102.3364,0.0044,Go,233.6826826826827
102.3366,0.0024,Go,233.68368368368368
102.3368,0.0031,Go,233.6846846846847
102.337,0.0028,Go,233.68568568568568
102.3372,0.0034,Go,233.6866866866867
102.3374,0.0024,Go,233.68768768768768
102.3376,0.0066,Go,233.6886886886887
102.3378,0.0085,Go,233.6896896896897
102.338,0.0244,Go,233.6906906906907
102.3382,0.8144,Go,233.6916916916917
102.3384,0.0168,Go,233.6926926926927
102.3386,0.019,Go,233.6936936936937
102.3388,0.0136,Go,233.6946946946947
102.339,0.0133,Go,233.6956956956957
102.3392,0.012,Go,233.6966966966967
102.3394,0.0133,Go,233.6976976976977
102.3396,0.0232,Go,233.6986986986987
102.3398,0.0216,Go,233.6996996996997
102.34,0.0107,Go,233.7007007007007
102.3402,0.0072,Go,233.7017017017017
102.3404,0.0085,Go,233.7027027027027
102.3406,0.0044,Go,233.7037037037037
102.3408,0.0149,Go,233.7047047047047
102.341,0.0088,Go,233.7057057057057
102.3412,0.0063,Go,233.7067067067067
102.3414,1.785,Go,233.7077077077077
102.3416,0.013,Go,233.7087087087087
102.3418,0.0066,Go,233.7097097097097
102.342,0.0117,Go,233.7107107107107
102.3422,0.0117,Go,233.7117117117117
102.3424,0.019,Go,233.71271271271272
102.3426,0.0212,Go,233.7137137137137
102.3428,0.0139,Go,233.71471471471472
102.343,0.0085,Go,233.7157157157157
102.3432,0.0104,Go,233.71671671671672
102.3434,0.0069,Go,233.7177177177177
102.3436,0.0047,Go,233.71871871871872
102.3438,0.1223,Go,233.7197197197197
102.344,0.0018,Go,233.72072072072072
102.3442,0.0085,Go,233.72172172172174
102.3444,0.0149,Go,233.72272272272272
102.3446,0.0136,Go,233.72372372372374
102.3448,0.0142,Go,233.72472472472472
102.345,0.0091,Go,233.72572572572574
102.3452,0.0066,Go,233.72672672672672
102.3454,0.0072,Go,233.72772772772774
102.3456,0.0008,Go,233.72872872872873
102.3458,0.0047,Go,233.72972972972974
102.346,0.0075,Go,233.73073073073073
102.3462,0.0063,Go,233.73173173173174
102.3464,0.0069,Go,233.73273273273273
102.3466,0.0079,Go,233.73373373373374
102.3468,0.0082,Go,233.73473473473473
102.347,0.0059,Go,233.73573573573574
102.3472,0.0088,Go,233.73673673673673
102.3474,0.0091,Go,233.73773773773775
102.3476,0.0059,Go,233.73873873873873
102.3478,0.011,Go,233.73973973973975
102.348,0.0044,Go,233.74074074074073
102.3482,0.0059,Go,233.74174174174175
102.3484,0.0149,Go,233.74274274274273
102.3486,0.0219,Go,233.74374374374375
102.3488,0.0123,Go,233.74474474474474
102.349,0.0181,Go,233.74574574574575
102.3492,0.0177,Go,233.74674674674674
102.3494,0.0088,Go,233.74774774774775
102.3496,0.0044,Go,233.74874874874874
102.3498,0.0075,Go,233.74974974974975
102.35,0.0031,Go,233.75075075075074
102.3502,0.0021,Go,233.75175175175175
102.3504,0.0018,Go,233.75275275275274
102.3506,0.0008,Go,233.75375375375376
102.3508,-0.0039,Go,233.75475475475474
102.351,0.0037,Go,233.75575575575576
102.3512,1.5247,Go,233.75675675675674
102.3514,0.0008,Go,233.75775775775776
102.3516,0.0072,Go,233.75875875875874
102.3518,0.0028,Go,233.75975975975976
102.352,0.0114,Go,233.76076076076077
102.3522,0.0133,Go,233.76176176176176
102.3524,0.0273,Go,233.76276276276278
102.3526,0.0196,Go,233.76376376376376
102.3528,0.019,Go,233.76476476476478
102.353,0.0155,Go,233.76576576576576
102.3532,0.012,Go,233.76676676676678
102.3534,0.0155,Go,233.76776776776777
102.3536,0.0209,Go,233.76876876876878
102.3538,0.0149,Go,233.76976976976977
102.354,0.2383,Go,233.77077077077078
102.3542,0.013,Go,233.77177177177177
102.3544,0.0123,Go,233.77277277277278
102.3546,0.0069,Go,233.77377377377377
102.3548,0.0104,Go,233.77477477477478
102.355,0.0184,Go,233.77577577577577
102.3552,0.0079,Go,233.77677677677679
102.3554,0.0152,Go,233.77777777777777
102.3556,0.0222,Go,233.7787787787788
102.3558,0.0209,Go,233.77977977977977
102.356,0.0228,Go,233.7807807807808
102.3562,0.0031,Go,233.78178178178177
102.3564,0.004,Go,233.7827827827828
102.3566,0.0107,Go,233.78378378378378
102.3568,0.0034,Go,233.7847847847848
102.357,0.0088,Go,233.78578578578578
102.3572,0.013,Go,233.7867867867868
102.3574,0.0079,Go,233.78778778778778
102.3576,0.0066,Go,233.7887887887888
102.3578,0.0031,Go,233.78978978978978
102.358,0.0034,Go,233.7907907907908
102.3582,0.005,Go,233.79179179179178
102.3584,0.0104,Go,233.7927927927928
102.3586,0.0085,Go,233.79379379379378
102.3588,0.012,Go,233.7947947947948
102.359,0.0158,Go,233.79579579579578
102.3592,0.0063,Go,233.7967967967968
102.3594,0.0085,Go,233.79779779779778
102.3596,0.012,Go,233.7987987987988
102.3598,0.0095,Go,233.79979979979979
102.36,0.0098,Go,233.8008008008008
102.3602,0.0098,Go,233.80180180180182
102.3604,0.0126,Go,233.8028028028028
102.3606,2.8695,Go,233.80380380380382
102.3608,0.0152,Go,233.8048048048048
102.361,0.0063,Go,233.80580580580582
102.3612,0.0283,Go,233.8068068068068
102.3614,1.1732,Go,233.80780780780782
102.3616,0.0095,Go,233.8088088088088
102.3618,0.0155,Go,233.80980980980982
102.362,0.0117,Go,233.8108108108108
102.3622,0.011,Go,233.81181181181182
102.3624,0.0149,Go,233.8128128128128
102.3626,0.0104,Go,233.81381381381382
102.3628,0.0101,Go,233.8148148148148
102.363,0.0104,Go,233.81581581581582
102.3632,0.0117,Go,233.8168168168168
102.3634,0.0139,Go,233.81781781781783
102.3636,0.0104,Go,233.8188188188188
102.3638,0.0028,Go,233.81981981981983
102.364,0.0079,Go,233.8208208208208
102.3642,0.0212,Go,233.82182182182183
102.3644,0.0126,Go,233.82282282282281
102.3646,0.0145,Go,233.82382382382383
102.3648,0.0136,Go,233.82482482482482
102.365,0.0126,Go,233.82582582582583
102.3652,0.0107,Go,233.82682682682682
102.3654,0.0088,Go,233.82782782782783
102.3656,0.0018,Go,233.82882882882882
102.3658,4.8923,Go,233.82982982982983
102.366,-0.0001,Go,233.83083083083082
102.3662,0.0028,Go,233.83183183183183
102.3664,0.011,Go,233.83283283283282
102.3666,0.0008,Go,233.83383383383384
102.3668,0.0075,Go,233.83483483483482
102.367,0.3351,Go,233.83583583583584
102.3672,0.0018,Go,233.83683683683682
102.3674,0.0095,Go,233.83783783783784
102.3676,0.0072,Go,233.83883883883883
102.3678,0.0044,Go,233.83983983983984
102.368,0.005,Go,233.84084084084085
102.3682,0.5834,Go,233.84184184184184
102.3684,-0.0033,Go,233.84284284284286
102.3686,-0.0017,Go,233.84384384384384
102.3688,0.004,Go,233.84484484484486
102.369,-0.0007,Go,233.84584584584584
102.3692,0.0063,Go,233.84684684684686
102.3694,0.0069,Go,233.84784784784785
102.3696,0.0161,Go,233.84884884884886
102.3698,0.0219,Go,233.84984984984985
102.37,0.0155,Go,233.85085085085086
102.3702,0.0206,Go,233.85185185185185
102.3704,0.0193,Go,233.85285285285286
102.3706,0.0292,Go,233.85385385385385
102.3708,0.0381,Go,233.85485485485486
102.371,0.0738,Go,233.85585585585585
102.3712,0.0267,Go,233.85685685685687
102.3714,0.041,Go,233.85785785785785
102.3716,0.0187,Go,233.85885885885887
102.3718,0.0152,Go,233.85985985985985
102.372,0.0228,Go,233.86086086086087
102.3722,0.026,Go,233.86186186186185
102.3724,0.0343,Go,233.86286286286287
102.3726,0.0646,Go,233.86386386386386
102.3728,0.0069,Go,233.86486486486487
102.373,0.0206,Go,233.86586586586586
102.3732,0.0263,Go,233.86686686686687
102.3734,0.0365,Go,233.86786786786786
102.3736,0.0407,Go,233.86886886886887
102.3738,0.3976,Go,233.86986986986986
102.374,0.005,Go,233.87087087087087
102.3742,0.0079,Go,233.87187187187186
102.3744,0.0181,Go,233.87287287287288
102.3746,0.0232,Go,233.87387387387386
102.3748,0.0235,Go,233.87487487487488
102.375,0.0314,Go,233.87587587587586
102.3752,0.0161,Go,233.87687687687688
102.3754,-0.0011,Go,233.87787787787786
102.3756,0.0012,Go,233.87887887887888
102.3758,0.0107,Go,233.87987987987987
102.376,0.0133,Go,233.88088088088088
102.3762,0.0126,Go,233.8818818818819
102.3764,0.0324,Go,233.88288288288288
102.3766,0.0311,Go,233.8838838838839
102.3768,0.0251,Go,233.88488488488488
102.377,0.0238,Go,233.8858858858859
102.3772,0.0324,Go,233.88688688688688
102.3774,0.0359,Go,233.8878878878879
102.3776,1.5113,Go,233.88888888888889
102.3778,0.0343,Go,233.8898898898899
102.378,0.0292,Go,233.8908908908909
102.3782,0.0232,Go,233.8918918918919
102.3784,0.8147,Go,233.8928928928929
102.3786,0.02,Go,233.8938938938939
102.3788,0.0126,Go,233.8948948948949
102.379,0.0232,Go,233.8958958958959
102.3792,0.0238,Go,233.8968968968969
102.3794,0.1057,Go,233.8978978978979
102.3796,0.078,Go,233.8988988988989
102.3798,0.0384,Go,233.8998998998999
102.38,0.048,Go,233.9009009009009
102.3802,0.02,Go,233.9019019019019
102.3804,0.0582,Go,233.9029029029029
102.3806,0.0318,Go,233.9039039039039
102.3808,0.1955,Go,233.9049049049049
102.381,0.0091,Go,233.9059059059059
102.3812,0.0165,Go,233.9069069069069
102.3814,0.0152,Go,233.9079079079079
102.3816,4.4755,Go,233.9089089089089
102.3818,0.0117,Go,233.9099099099099
102.382,0.1156,Go,233.9109109109109
102.3822,0.0037,Go,233.91191191191191
102.3824,0.0085,Go,233.9129129129129
102.3826,0.5923,Go,233.91391391391392
102.3828,0.0069,Go,233.9149149149149
102.383,0.012,Go,233.91591591591592
102.3832,0.0059,Go,233.9169169169169
102.3834,0.0044,Go,233.91791791791792
102.3836,0.0034,Go,233.9189189189189
102.3838,0.0028,Go,233.91991991991992
102.384,0.0034,Go,233.92092092092093
102.3842,0.0005,Go,233.92192192192192
102.3844,0.0232,Go,233.92292292292294
102.3846,0.02,Go,233.92392392392392
102.3848,0.0196,Go,233.92492492492494
102.385,0.0181,Go,233.92592592592592
102.3852,0.0063,Go,233.92692692692694
102.3854,0.0088,Go,233.92792792792793
102.3856,0.0075,Go,233.92892892892894
102.3858,0.0104,Go,233.92992992992993
102.386,0.1532,Go,233.93093093093094
102.3862,0.0174,Go,233.93193193193193
102.3864,0.0149,Go,233.93293293293294
102.3866,0.0171,Go,233.93393393393393
102.3868,0.0152,Go,233.93493493493494
102.387,0.0142,Go,233.93593593593593
102.3872,0.0314,Go,233.93693693693695
102.3874,0.0486,Go,233.93793793793793
102.3876,0.0047,Go,233.93893893893895
102.3878,0.0069,Go,233.93993993993993
102.388,0.0075,Go,233.94094094094095
102.3882,0.0069,Go,233.94194194194193
102.3884,0.0107,Go,233.94294294294295
102.3886,0.0056,Go,233.94394394394394
102.3888,0.0337,Go,233.94494494494495
102.389,0.0232,Go,233.94594594594594
102.3892,0.0212,Go,233.94694694694695
102.3894,0.0079,Go,233.94794794794794
102.3896,0.0145,Go,233.94894894894895
102.3898,0.0095,Go,233.94994994994994
102.39,0.0158,Go,233.95095095095095
102.3902,0.0142,Go,233.95195195195194
102.3904,0.0206,Go,233.95295295295296
102.3906,0.0219,Go,233.95395395395394
102.3908,0.0362,Go,233.95495495495496
102.391,0.0397,Go,233.95595595595594
102.3912,0.0455,Go,233.95695695695696
102.3914,0.8482,Go,233.95795795795794
102.3916,0.1079,Go,233.95895895895896
102.3918,0.0305,Go,233.95995995995997
102.392,0.041,Go,233.96096096096096
102.3922,0.0152,Go,233.96196196196198
102.3924,0.0244,Go,233.96296296296296
102.3926,0.012,Go,233.96396396396398
102.3928,0.0238,Go,233.96496496496496
102.393,0.0206,Go,233.96596596596598
102.3932,2.6601,Go,233.96696696696696
102.3934,0.0219,Go,233.96796796796798
102.3936,-0.0033,Go,233.96896896896897
102.3938,0.0028,Go,233.96996996996998
102.394,-0.0001,Go,233.97097097097097
102.3942,6.0434,Go,233.97197197197198
102.3944,0.0088,Go,233.97297297297297
102.3946,0.0378,Go,233.97397397397398
102.3948,0.1567,Go,233.97497497497497
102.395,0.0486,Go,233.97597597597598
102.3952,0.0697,Go,233.97697697697697
102.3954,0.0579,Go,233.977977977978
102.3956,0.6901,Go,233.97897897897897
102.3958,0.0308,Go,233.97997997998
102.396,0.0181,Go,233.98098098098097
102.3962,0.0209,Go,233.981981981982
102.3964,0.0196,Go,233.98298298298297
102.3966,0.0413,Go,233.983983983984
102.3968,0.1009,Go,233.98498498498498
102.397,0.0212,Go,233.985985985986
102.3972,0.0117,Go,233.98698698698698
102.3974,0.0063,Go,233.987987987988
102.3976,0.0145,Go,233.98898898898898
102.3978,0.0047,Go,233.98998998999
102.398,0.0024,Go,233.99099099099098
102.3982,0.0114,Go,233.991991991992
102.3984,0.013,Go,233.99299299299298
102.3986,0.0155,Go,233.993993993994
102.3988,0.0024,Go,233.99499499499498
102.399,0.0082,Go,233.995995995996
102.3992,0.0136,Go,233.99699699699698
102.3994,0.019,Go,233.997997997998
102.3996,0.0209,Go,233.99899899899899
102.3998,0.0034,Go,234.0
