Time,V,Label,Depth
103.6,0.0321,Go,235.0
103.6002,0.033,Go,235.00100100100101
103.6004,0.0534,Go,235.002002002002
103.6006,0.0461,Go,235.00300300300302
103.6008,0.0776,Go,235.004004004004
103.601,0.0467,Go,235.00500500500502
103.6012,0.0553,Go,235.006006006006
103.6014,0.751,Go,235.00700700700702
103.6016,0.0257,Go,235.008008008008
103.6018,0.0136,Go,235.00900900900902
103.602,0.0381,Go,235.01001001001
103.6022,0.0531,Go,235.01101101101102
103.6024,0.0608,Go,235.012012012012
103.6026,0.055,Go,235.01301301301302
103.6028,0.0356,Go,235.014014014014
103.603,0.0608,Go,235.01501501501502
103.6032,0.2943,Go,235.016016016016
103.6034,0.0072,Go,235.01701701701703
103.6036,0.0079,Go,235.018018018018
103.6038,0.0267,Go,235.01901901901903
103.604,0.0378,Go,235.02002002002
103.6042,0.0343,Go,235.02102102102103
103.6044,-0.0023,Go,235.022022022022
103.6046,0.0295,Go,235.02302302302303
103.6048,4.1412,Go,235.02402402402402
103.605,0.0005,Go,235.02502502502503
103.6052,0.0126,Go,235.02602602602602
103.6054,0.0212,Go,235.02702702702703
103.6056,0.0008,Go,235.02802802802802
103.6058,0.0104,Go,235.02902902902903
103.606,0.0232,Go,235.03003003003002
103.6062,0.0235,Go,235.03103103103103
103.6064,0.0388,Go,235.03203203203202
103.6066,0.0222,Go,235.03303303303304
103.6068,0.0203,Go,235.03403403403402
103.607,0.0327,Go,235.03503503503504
103.6072,0.0416,Go,235.03603603603602
103.6074,0.0117,Go,235.03703703703704
103.6076,0.0219,Go,235.03803803803802
103.6078,0.0187,Go,235.03903903903904
103.608,0.042,Go,235.04004004004005
103.6082,0.027,Go,235.04104104104104
103.6084,0.0359,Go,235.04204204204206
103.6086,0.019,Go,235.04304304304304
103.6088,0.0171,Go,235.04404404404406
103.609,0.0174,Go,235.04504504504504
103.6092,0.0177,Go,235.04604604604606
103.6094,0.0244,Go,235.04704704704704
103.6096,0.0196,Go,235.04804804804806
103.6098,0.0515,Go,235.04904904904905
103.61,0.614,Go,235.05005005005006
103.6102,0.0719,Go,235.05105105105105
103.6104,0.0193,Go,235.05205205205206
103.6106,0.033,Go,235.05305305305305
103.6108,0.0238,Go,235.05405405405406
103.611,0.0528,Go,235.05505505505505
103.6112,0.027,Go,235.05605605605606
103.6114,0.0034,Go,235.05705705705705
103.6116,0.0171,Go,235.05805805805807
103.6118,-0.0052,Go,235.05905905905905
103.612,1.5049,Go,235.06006006006007
103.6122,0.0008,Go,235.06106106106105
103.6124,0.0939,Go,235.06206206206207
103.6126,0.0034,Go,235.06306306306305
103.6128,0.0098,Go,235.06406406406407
103.613,0.0289,Go,235.06506506506506
103.6132,0.0072,Go,235.06606606606607
103.6134,0.0126,Go,235.06706706706706
103.6136,0.0171,Go,235.06806806806807
103.6138,0.0193,Go,235.06906906906906
103.614,0.0232,Go,235.07007007007007
103.6142,0.026,Go,235.07107107107106
103.6144,0.0079,Go,235.07207207207207
103.6146,0.0206,Go,235.07307307307306
103.6148,0.0219,Go,235.07407407407408
103.615,1.9122,Go,235.07507507507506
103.6152,0.0212,Go,235.07607607607608
103.6154,0.0152,Go,235.07707707707706
103.6156,0.0184,Go,235.07807807807808
103.6158,0.0318,Go,235.07907907907907
103.616,0.041,Go,235.08008008008008
103.6162,0.0359,Go,235.0810810810811
103.6164,0.0537,Go,235.08208208208208
103.6166,0.0537,Go,235.0830830830831
103.6168,0.0729,Go,235.08408408408408
103.617,0.8147,Go,235.0850850850851
103.6172,2.1878,Go,235.08608608608608
103.6174,0.0212,Go,235.0870870870871
103.6176,0.1312,Go,235.08808808808809
103.6178,0.1194,Go,235.0890890890891
103.618,0.0228,Go,235.0900900900901
103.6182,0.0359,Go,235.0910910910911
103.6184,0.0101,Go,235.0920920920921
103.6186,0.0155,Go,235.0930930930931
103.6188,0.0467,Go,235.0940940940941
103.619,0.0318,Go,235.0950950950951
103.6192,0.0238,Go,235.0960960960961
103.6194,0.0305,Go,235.0970970970971
103.6196,0.0133,Go,235.0980980980981
103.6198,0.0432,Go,235.0990990990991
103.62,0.02,Go,235.1001001001001
103.6202,0.0311,Go,235.1011011011011
103.6204,0.0123,Go,235.1021021021021
103.6206,0.0037,Go,235.1031031031031
103.6208,0.0063,Go,235.1041041041041
103.621,0.0091,Go,235.1051051051051
103.6212,0.0158,Go,235.1061061061061
103.6214,0.0012,Go,235.1071071071071
103.6216,0.012,Go,235.1081081081081
103.6218,0.0069,Go,235.1091091091091
103.622,0.0257,Go,235.1101101101101
103.6222,0.0114,Go,235.11111111111111
103.6224,0.0305,Go,235.1121121121121
103.6226,0.0286,Go,235.11311311311312
103.6228,0.0372,Go,235.1141141141141
103.623,0.0391,Go,235.11511511511512
103.6232,0.0346,Go,235.1161161161161
103.6234,0.0263,Go,235.11711711711712
103.6236,0.0324,Go,235.1181181181181
103.6238,0.0362,Go,235.11911911911912
103.624,0.0445,Go,235.12012012012013
103.6242,0.0557,Go,235.12112112112112
103.6244,0.0515,Go,235.12212212212214
103.6246,0.0177,Go,235.12312312312312
103.6248,0.0117,Go,235.12412412412414
103.625,0.0136,Go,235.12512512512512
103.6252,0.0232,Go,235.12612612612614
103.6254,0.0257,Go,235.12712712712712
103.6256,0.0471,Go,235.12812812812814
103.6258,0.0142,Go,235.12912912912913
103.626,0.0228,Go,235.13013013013014
103.6262,0.0263,Go,235.13113113113113
103.6264,0.2453,Go,235.13213213213214
103.6266,0.0257,Go,235.13313313313313
103.6268,0.0572,Go,235.13413413413414
103.627,0.0133,Go,235.13513513513513
103.6272,0.0085,Go,235.13613613613614
103.6274,0.1232,Go,235.13713713713713
103.6276,0.0044,Go,235.13813813813815
103.6278,0.0031,Go,235.13913913913913
103.628,0.0123,Go,235.14014014014015
103.6282,0.0136,Go,235.14114114114113
103.6284,0.0155,Go,235.14214214214215
103.6286,0.0126,Go,235.14314314314313
103.6288,0.012,Go,235.14414414414415
103.629,0.0095,Go,235.14514514514514
103.6292,0.0066,Go,235.14614614614615
103.6294,0.0075,Go,235.14714714714714
103.6296,0.0021,Go,235.14814814814815
103.6298,0.0059,Go,235.14914914914914
103.63,-0.0004,Go,235.15015015015015
103.6302,0.0088,Go,235.15115115115114
103.6304,0.0063,Go,235.15215215215215
103.6306,0.0088,Go,235.15315315315314
103.6308,0.0145,Go,235.15415415415416
103.631,0.004,Go,235.15515515515514
103.6312,0.0098,Go,235.15615615615616
103.6314,0.0145,Go,235.15715715715714
103.6316,0.0095,Go,235.15815815815816
103.6318,0.0123,Go,235.15915915915915
103.632,0.0327,Go,235.16016016016016
103.6322,0.0053,Go,235.16116116116117
103.6324,0.0139,Go,235.16216216216216
103.6326,0.0114,Go,235.16316316316318
103.6328,0.0072,Go,235.16416416416416
103.633,0.0104,Go,235.16516516516518
103.6332,0.0107,Go,235.16616616616616
103.6334,0.0098,Go,235.16716716716718
103.6336,3.697,Go,235.16816816816817
103.6338,0.0104,Go,235.16916916916918
103.634,0.0139,Go,235.17017017017017
103.6342,0.0082,Go,235.17117117117118
103.6344,0.0133,Go,235.17217217217217
103.6346,0.0155,Go,235.17317317317318
103.6348,0.751,Go,235.17417417417417
103.635,0.0005,Go,235.17517517517518
103.6352,0.0044,Go,235.17617617617617
103.6354,0.0066,Go,235.17717717717719
103.6356,0.004,Go,235.17817817817817
103.6358,0.0053,Go,235.1791791791792
103.636,0.0321,Go,235.18018018018017
103.6362,0.0034,Go,235.1811811811812
103.6364,0.0232,Go,235.18218218218217
103.6366,0.004,Go,235.1831831831832
103.6368,0.0079,Go,235.18418418418418
103.637,0.0177,Go,235.1851851851852
103.6372,0.0123,Go,235.18618618618618
103.6374,0.0123,Go,235.1871871871872
103.6376,0.0012,Go,235.18818818818818
103.6378,-0.0001,Go,235.1891891891892
103.638,0.0008,Go,235.19019019019018
103.6382,0.0034,Go,235.1911911911912
103.6384,0.0075,Go,235.19219219219218
103.6386,-0.0004,Go,235.1931931931932
103.6388,0.0053,Go,235.19419419419418
103.639,0.0209,Go,235.1951951951952
103.6392,0.0079,Go,235.19619619619618
103.6394,0.0145,Go,235.1971971971972
103.6396,0.0238,Go,235.19819819819818
103.6398,0.0196,Go,235.1991991991992
103.64,0.0088,Go,235.20020020020021
103.6402,0.0095,Go,235.2012012012012
103.6404,-0.0004,Go,235.20220220220222
103.6406,0.0059,Go,235.2032032032032
103.6408,0.0114,Go,235.20420420420422
103.641,0.0098,Go,235.2052052052052
103.6412,0.011,Go,235.20620620620622
103.6414,0.0063,Go,235.2072072072072
103.6416,0.013,Go,235.20820820820822
103.6418,0.0177,Go,235.2092092092092
103.642,0.0276,Go,235.21021021021022
103.6422,0.0142,Go,235.2112112112112
103.6424,0.0601,Go,235.21221221221222
103.6426,0.0075,Go,235.2132132132132
103.6428,0.0104,Go,235.21421421421422
103.643,0.0174,Go,235.2152152152152
103.6432,0.0362,Go,235.21621621621622
103.6434,1.772,Go,235.2172172172172
103.6436,0.0053,Go,235.21821821821823
103.6438,0.0142,Go,235.2192192192192
103.644,0.0168,Go,235.22022022022023
103.6442,0.0206,Go,235.2212212212212
103.6444,0.0133,Go,235.22222222222223
103.6446,0.0232,Go,235.22322322322321
103.6448,0.0244,Go,235.22422422422423
103.645,0.0384,Go,235.22522522522522
103.6452,0.0031,Go,235.22622622622623
103.6454,0.0136,Go,235.22722722722722
103.6456,0.0155,Go,235.22822822822823
103.6458,0.0232,Go,235.22922922922922
103.646,0.0034,Go,235.23023023023023
103.6462,0.0177,Go,235.23123123123122
103.6464,0.0187,Go,235.23223223223223
103.6466,1.6162,Go,235.23323323323322
103.6468,0.0161,Go,235.23423423423424
103.647,0.0155,Go,235.23523523523522
103.6472,0.0238,Go,235.23623623623624
103.6474,0.0158,Go,235.23723723723722
103.6476,0.0107,Go,235.23823823823824
103.6478,0.0537,Go,235.23923923923923
103.648,0.0075,Go,235.24024024024024
103.6482,0.0085,Go,235.24124124124126
103.6484,-0.0004,Go,235.24224224224224
103.6486,0.004,Go,235.24324324324326
103.6488,0.0028,Go,235.24424424424424
103.649,0.0037,Go,235.24524524524526
103.6492,0.0002,Go,235.24624624624624
103.6494,0.0018,Go,235.24724724724726
103.6496,0.0002,Go,235.24824824824825
103.6498,0.0028,Go,235.24924924924926
103.65,0.1697,Go,235.25025025025025
103.6502,-0.0001,Go,235.25125125125126
103.6504,0.0015,Go,235.25225225225225
103.6506,0.0015,Go,235.25325325325326
103.6508,0.0005,Go,235.25425425425425
103.651,0.0015,Go,235.25525525525526
103.6512,0.0018,Go,235.25625625625625
103.6514,0.0075,Go,235.25725725725727
103.6516,0.5324,Go,235.25825825825825
103.6518,0.0056,Go,235.25925925925927
103.652,0.0075,Go,235.26026026026025
103.6522,0.0104,Go,235.26126126126127
103.6524,0.4103,Go,235.26226226226225
103.6526,0.02,Go,235.26326326326327
103.6528,0.0184,Go,235.26426426426426
103.653,0.0079,Go,235.26526526526527
103.6532,0.0206,Go,235.26626626626626
103.6534,0.026,Go,235.26726726726727
103.6536,0.0251,Go,235.26826826826826
103.6538,0.041,Go,235.26926926926927
103.654,0.027,Go,235.27027027027026
103.6542,0.0311,Go,235.27127127127127
103.6544,0.033,Go,235.27227227227226
103.6546,0.0365,Go,235.27327327327328
103.6548,0.0337,Go,235.27427427427426
103.655,0.0225,Go,235.27527527527528
103.6552,0.0037,Go,235.27627627627626
103.6554,0.0028,Go,235.27727727727728
103.6556,0.0047,Go,235.27827827827826
103.6558,0.0056,Go,235.27927927927928
103.656,0.0079,Go,235.2802802802803
103.6562,0.0053,Go,235.28128128128128
103.6564,0.0021,Go,235.2822822822823
103.6566,0.0165,Go,235.28328328328328
103.6568,0.0088,Go,235.2842842842843
103.657,0.0133,Go,235.28528528528528
103.6572,0.0002,Go,235.2862862862863
103.6574,0.0053,Go,235.28728728728728
103.6576,0.0044,Go,235.2882882882883
103.6578,0.0063,Go,235.2892892892893
103.658,0.0015,Go,235.2902902902903
103.6582,0.0012,Go,235.2912912912913
103.6584,0.0066,Go,235.2922922922923
103.6586,0.0145,Go,235.2932932932933
103.6588,0.0107,Go,235.2942942942943
103.659,0.0286,Go,235.2952952952953
103.6592,0.0082,Go,235.2962962962963
103.6594,0.0024,Go,235.2972972972973
103.6596,0.0152,Go,235.2982982982983
103.6598,0.0031,Go,235.2992992992993
103.66,0.0044,Go,235.3003003003003
103.6602,0.0069,Go,235.3013013013013
103.6604,0.0362,Go,235.3023023023023
103.6606,0.0165,Go,235.3033033033033
103.6608,0.0165,Go,235.3043043043043
103.661,0.0203,Go,235.3053053053053
103.6612,0.0165,Go,235.3063063063063
103.6614,0.0321,Go,235.3073073073073
103.6616,0.0209,Go,235.3083083083083
103.6618,1.2634,Go,235.3093093093093
103.662,0.0703,Go,235.3103103103103
103.6622,2.6862,Go,235.3113113113113
103.6624,0.0499,Go,235.31231231231232
103.6626,0.0356,Go,235.3133133133133
103.6628,0.1175,Go,235.31431431431432
103.663,0.0719,Go,235.3153153153153
103.6632,0.1863,Go,235.31631631631632
103.6634,0.0206,Go,235.3173173173173
103.6636,0.0187,Go,235.31831831831832
103.6638,0.0353,Go,235.3193193193193
103.664,0.0123,Go,235.32032032032032
103.6642,0.0095,Go,235.32132132132134
103.6644,0.0075,Go,235.32232232232232
103.6646,0.0155,Go,235.32332332332334
103.6648,0.0158,Go,235.32432432432432
103.665,0.0308,Go,235.32532532532534
103.6652,1.1114,Go,235.32632632632632
103.6654,0.0426,Go,235.32732732732734
103.6656,0.0898,Go,235.32832832832833
103.6658,0.0193,Go,235.32932932932934
103.666,0.0343,Go,235.33033033033033
103.6662,0.0384,Go,235.33133133133134
103.6664,0.0193,Go,235.33233233233233
103.6666,0.0397,Go,235.33333333333334
103.6668,0.0512,Go,235.33433433433433
103.667,0.0295,Go,235.33533533533534
103.6672,0.0212,Go,235.33633633633633
103.6674,0.0273,Go,235.33733733733735
103.6676,0.0219,Go,235.33833833833833
103.6678,0.3042,Go,235.33933933933935
103.668,0.0305,Go,235.34034034034033
103.6682,0.0232,Go,235.34134134134135
103.6684,0.0216,Go,235.34234234234233
103.6686,0.0289,Go,235.34334334334335
103.6688,0.0333,Go,235.34434434434434
103.669,0.0212,Go,235.34534534534535
103.6692,0.2191,Go,235.34634634634634
103.6694,0.0222,Go,235.34734734734735
103.6696,0.0283,Go,235.34834834834834
103.6698,0.0343,Go,235.34934934934935
103.67,0.0566,Go,235.35035035035034
103.6702,0.0754,Go,235.35135135135135
103.6704,0.012,Go,235.35235235235234
103.6706,0.0136,Go,235.35335335335336
103.6708,0.0181,Go,235.35435435435434
103.671,0.0181,Go,235.35535535535536
103.6712,0.0158,Go,235.35635635635634
103.6714,0.0273,Go,235.35735735735736
103.6716,0.0388,Go,235.35835835835834
103.6718,0.0203,Go,235.35935935935936
103.672,0.1379,Go,235.36036036036037
103.6722,0.019,Go,235.36136136136136
103.6724,0.0225,Go,235.36236236236238
103.6726,0.0311,Go,235.36336336336336
103.6728,0.0464,Go,235.36436436436438
103.673,0.0509,Go,235.36536536536536
103.6732,0.0757,Go,235.36636636636638
103.6734,0.0187,Go,235.36736736736736
103.6736,0.0123,Go,235.36836836836838
103.6738,0.0228,Go,235.36936936936937
103.674,0.0308,Go,235.37037037037038
103.6742,0.0104,Go,235.37137137137137
103.6744,0.0034,Go,235.37237237237238
103.6746,0.0008,Go,235.37337337337337
103.6748,0.0095,Go,235.37437437437438
103.675,0.0168,Go,235.37537537537537
103.6752,2.1735,Go,235.37637637637638
103.6754,6.7607,Go,235.37737737737737
103.6756,6.7384,Go,235.3783783783784
103.6758,6.6421,Go,235.37937937937937
103.676,6.6103,Go,235.3803803803804
103.6762,0.0098,Go,235.38138138138137
103.6764,0.0098,Go,235.3823823823824
103.6766,0.0232,Go,235.38338338338338
103.6768,0.0028,Go,235.3843843843844
103.677,0.005,Go,235.38538538538538
103.6772,0.0059,Go,235.3863863863864
103.6774,0.012,Go,235.38738738738738
103.6776,0.0184,Go,235.3883883883884
103.6778,0.0222,Go,235.38938938938938
103.678,0.0203,Go,235.3903903903904
103.6782,0.0349,Go,235.39139139139138
103.6784,0.0184,Go,235.3923923923924
103.6786,0.0286,Go,235.39339339339338
103.6788,0.0442,Go,235.3943943943944
103.679,0.0627,Go,235.39539539539538
103.6792,0.0942,Go,235.3963963963964
103.6794,0.8032,Go,235.39739739739738
103.6796,0.0496,Go,235.3983983983984
103.6798,0.0404,Go,235.39939939939939
103.68,0.0397,Go,235.4004004004004
103.6802,0.0369,Go,235.40140140140142
103.6804,0.0553,Go,235.4024024024024
103.6806,0.0372,Go,235.40340340340342
103.6808,0.0378,Go,235.4044044044044
103.681,1.3348,Go,235.40540540540542
103.6812,0.0063,Go,235.4064064064064
103.6814,0.0059,Go,235.40740740740742
103.6816,0.0324,Go,235.4084084084084
103.6818,0.0308,Go,235.40940940940942
103.682,0.0333,Go,235.4104104104104
103.6822,0.0515,Go,235.41141141141142
103.6824,0.0305,Go,235.4124124124124
103.6826,0.0321,Go,235.41341341341342
103.6828,0.0295,Go,235.4144144144144
103.683,0.0126,Go,235.41541541541542
103.6832,0.0286,Go,235.4164164164164
103.6834,0.033,Go,235.41741741741743
103.6836,1.0875,Go,235.4184184184184
103.6838,0.0193,Go,235.41941941941943
103.684,0.0273,Go,235.4204204204204
103.6842,0.0267,Go,235.42142142142143
103.6844,0.0212,Go,235.42242242242241
103.6846,0.0251,Go,235.42342342342343
103.6848,0.0206,Go,235.42442442442442
103.685,0.0085,Go,235.42542542542543
103.6852,2.7943,Go,235.42642642642642
103.6854,0.0251,Go,235.42742742742743
103.6856,0.0349,Go,235.42842842842842
103.6858,0.0515,Go,235.42942942942943
103.686,0.2453,Go,235.43043043043042
103.6862,0.0343,Go,235.43143143143143
103.6864,0.027,Go,235.43243243243242
103.6866,0.0681,Go,235.43343343343344
103.6868,0.0901,Go,235.43443443443442
103.687,0.0212,Go,235.43543543543544
103.6872,0.0273,Go,235.43643643643642
103.6874,0.0286,Go,235.43743743743744
103.6876,0.0611,Go,235.43843843843842
103.6878,0.0193,Go,235.43943943943944
103.688,0.0203,Go,235.44044044044045
103.6882,0.0228,Go,235.44144144144144
103.6884,0.027,Go,235.44244244244246
103.6886,0.0107,Go,235.44344344344344
103.6888,0.0375,Go,235.44444444444446
103.689,0.0314,Go,235.44544544544544
103.6892,0.0311,Go,235.44644644644646
103.6894,0.0257,Go,235.44744744744744
103.6896,0.048,Go,235.44844844844846
103.6898,0.0432,Go,235.44944944944945
103.69,0.0518,Go,235.45045045045046
103.6902,0.0346,Go,235.45145145145145
103.6904,0.0165,Go,235.45245245245246
103.6906,0.0257,Go,235.45345345345345
103.6908,0.0397,Go,235.45445445445446
103.691,0.0381,Go,235.45545545545545
103.6912,0.0659,Go,235.45645645645646
103.6914,0.0665,Go,235.45745745745745
103.6916,0.0659,Go,235.45845845845847
103.6918,0.0499,Go,235.45945945945945
103.692,0.0818,Go,235.46046046046047
103.6922,0.3581,Go,235.46146146146145
103.6924,0.0005,Go,235.46246246246247
103.6926,0.0263,Go,235.46346346346346
103.6928,1.0085,Go,235.46446446446447
103.693,0.0311,Go,235.46546546546546
103.6932,0.0566,Go,235.46646646646647
103.6934,0.2108,Go,235.46746746746746
103.6936,0.0295,Go,235.46846846846847
103.6938,0.0471,Go,235.46946946946946
103.694,1.2,Go,235.47047047047047
103.6942,0.0362,Go,235.47147147147146
103.6944,0.0531,Go,235.47247247247248
103.6946,0.0687,Go,235.47347347347346
103.6948,0.0964,Go,235.47447447447448
103.695,0.02,Go,235.47547547547546
103.6952,0.0107,Go,235.47647647647648
103.6954,0.0149,Go,235.47747747747746
103.6956,0.0107,Go,235.47847847847848
103.6958,0.0059,Go,235.47947947947947
103.696,0.0225,Go,235.48048048048048
103.6962,0.0244,Go,235.4814814814815
103.6964,0.0356,Go,235.48248248248248
103.6966,0.0506,Go,235.4834834834835
103.6968,1.012,Go,235.48448448448448
103.697,1.3912,Go,235.4854854854855
103.6972,0.0407,Go,235.48648648648648
103.6974,0.0241,Go,235.4874874874875
103.6976,1.5658,Go,235.48848848848849
103.6978,0.0318,Go,235.4894894894895
103.698,0.0161,Go,235.4904904904905
103.6982,0.0439,Go,235.4914914914915
103.6984,4.2942,Go,235.4924924924925
103.6986,0.0423,Go,235.4934934934935
103.6988,0.0706,Go,235.4944944944945
103.699,0.0244,Go,235.4954954954955
103.6992,0.0286,Go,235.4964964964965
103.6994,0.056,Go,235.4974974974975
103.6996,0.2137,Go,235.4984984984985
103.6998,0.0375,Go,235.4994994994995
103.7,0.0423,Go,235.5005005005005
103.7002,0.0697,Go,235.5015015015015
103.7004,0.0171,Go,235.5025025025025
103.7006,0.0496,Go,235.5035035035035
103.7008,0.0209,Go,235.5045045045045
103.701,0.033,Go,235.5055055055055
103.7012,0.0439,Go,235.5065065065065
103.7014,0.0901,Go,235.5075075075075
103.7016,0.048,Go,235.5085085085085
103.7018,0.0754,Go,235.5095095095095
103.702,0.136,Go,235.5105105105105
103.7022,0.1401,Go,235.51151151151151
103.7024,0.0636,Go,235.5125125125125
103.7026,2.951,Go,235.51351351351352
103.7028,0.0075,Go,235.5145145145145
103.703,0.0652,Go,235.51551551551552
103.7032,0.0563,Go,235.5165165165165
103.7034,0.3087,Go,235.51751751751752
103.7036,1.005,Go,235.5185185185185
103.7038,1.605,Go,235.51951951951952
103.704,0.0276,Go,235.52052052052053
103.7042,1.6659,Go,235.52152152152152
103.7044,0.7478,Go,235.52252252252254
103.7046,0.3278,Go,235.52352352352352
103.7048,0.0397,Go,235.52452452452454
103.705,0.026,Go,235.52552552552552
103.7052,0.0273,Go,235.52652652652654
103.7054,0.0219,Go,235.52752752752752
103.7056,0.0356,Go,235.52852852852854
103.7058,0.0384,Go,235.52952952952953
103.706,0.0353,Go,235.53053053053054
103.7062,0.0302,Go,235.53153153153153
103.7064,0.0174,Go,235.53253253253254
103.7066,0.0308,Go,235.53353353353353
103.7068,0.0168,Go,235.53453453453454
103.707,0.0247,Go,235.53553553553553
103.7072,0.012,Go,235.53653653653654
103.7074,0.02,Go,235.53753753753753
103.7076,0.0085,Go,235.53853853853855
103.7078,0.0158,Go,235.53953953953953
103.708,0.0142,Go,235.54054054054055
103.7082,0.0101,Go,235.54154154154153
103.7084,0.0429,Go,235.54254254254255
103.7086,0.0369,Go,235.54354354354354
103.7088,0.0636,Go,235.54454454454455
103.709,0.0241,Go,235.54554554554554
103.7092,0.0203,Go,235.54654654654655
103.7094,0.0311,Go,235.54754754754754
103.7096,0.1634,Go,235.54854854854855
103.7098,5.9971,Go,235.54954954954954
103.71,0.0267,Go,235.55055055055055
103.7102,0.215,Go,235.55155155155154
103.7104,0.0085,Go,235.55255255255256
103.7106,0.0063,Go,235.55355355355354
103.7108,0.0104,Go,235.55455455455456
103.711,0.5496,Go,235.55555555555554
103.7112,0.2516,Go,235.55655655655656
103.7114,0.0091,Go,235.55755755755754
103.7116,0.0244,Go,235.55855855855856
103.7118,0.0289,Go,235.55955955955955
103.712,0.0362,Go,235.56056056056056
103.7122,0.0184,Go,235.56156156156158
103.7124,0.0228,Go,235.56256256256256
103.7126,0.0547,Go,235.56356356356358
103.7128,3.0202,Go,235.56456456456456
103.713,1.9332,Go,235.56556556556558
103.7132,0.0372,Go,235.56656656656656
103.7134,0.0247,Go,235.56756756756758
103.7136,0.0187,Go,235.56856856856857
103.7138,0.0337,Go,235.56956956956958
103.714,0.034,Go,235.57057057057057
103.7142,0.0522,Go,235.57157157157158
103.7144,0.3871,Go,235.57257257257257
103.7146,0.0289,Go,235.57357357357358
103.7148,0.0407,Go,235.57457457457457
103.715,0.0286,Go,235.57557557557558
103.7152,0.0464,Go,235.57657657657657
103.7154,0.0286,Go,235.57757757757759
103.7156,0.0553,Go,235.57857857857857
103.7158,0.0346,Go,235.5795795795796
103.716,0.0461,Go,235.58058058058057
103.7162,0.0506,Go,235.5815815815816
103.7164,0.0716,Go,235.58258258258257
103.7166,0.0837,Go,235.5835835835836
103.7168,0.056,Go,235.58458458458458
103.717,0.0971,Go,235.5855855855856
103.7172,0.0729,Go,235.58658658658658
103.7174,0.1,Go,235.5875875875876
103.7176,0.1328,Go,235.58858858858858
103.7178,0.0958,Go,235.5895895895896
103.718,0.1576,Go,235.59059059059058
103.7182,0.1796,Go,235.5915915915916
103.7184,1.8813,Go,235.59259259259258
103.7186,0.0917,Go,235.5935935935936
103.7188,0.071,Go,235.59459459459458
103.719,0.0563,Go,235.5955955955956
103.7192,0.0789,Go,235.59659659659658
103.7194,2.2293,Go,235.5975975975976
103.7196,0.1742,Go,235.59859859859858
103.7198,4.6903,Go,235.5995995995996
103.72,0.1044,Go,235.60060060060061
103.7202,0.0394,Go,235.6016016016016
103.7204,0.3252,Go,235.60260260260262
103.7206,0.0283,Go,235.6036036036036
103.7208,0.0499,Go,235.60460460460462
103.721,0.0518,Go,235.6056056056056
103.7212,0.0547,Go,235.60660660660662
103.7214,0.1267,Go,235.6076076076076
103.7216,0.1035,Go,235.60860860860862
103.7218,0.0662,Go,235.6096096096096
103.722,0.0566,Go,235.61061061061062
103.7222,0.2242,Go,235.6116116116116
103.7224,0.0397,Go,235.61261261261262
103.7226,0.1309,Go,235.6136136136136
103.7228,0.1869,Go,235.61461461461462
103.723,0.0238,Go,235.6156156156156
103.7232,0.0251,Go,235.61661661661662
103.7234,0.9881,Go,235.6176176176176
103.7236,0.0388,Go,235.61861861861863
103.7238,0.0687,Go,235.6196196196196
103.724,0.0458,Go,235.62062062062063
103.7242,0.0455,Go,235.6216216216216
103.7244,0.0426,Go,235.62262262262263
103.7246,0.0502,Go,235.62362362362362
103.7248,0.0451,Go,235.62462462462463
103.725,4.9153,Go,235.62562562562562
103.7252,0.0369,Go,235.62662662662663
103.7254,0.0238,Go,235.62762762762762
103.7256,0.034,Go,235.62862862862863
103.7258,0.1404,Go,235.62962962962962
103.726,0.0359,Go,235.63063063063063
103.7262,0.0522,Go,235.63163163163162
103.7264,0.0388,Go,235.63263263263264
103.7266,0.041,Go,235.63363363363362
103.7268,0.0378,Go,235.63463463463464
103.727,0.2156,Go,235.63563563563562
103.7272,0.0302,Go,235.63663663663664
103.7274,0.0397,Go,235.63763763763762
103.7276,0.0126,Go,235.63863863863864
103.7278,0.0477,Go,235.63963963963963
103.728,0.056,Go,235.64064064064064
103.7282,0.0818,Go,235.64164164164166
103.7284,0.0754,Go,235.64264264264264
103.7286,0.0643,Go,235.64364364364366
103.7288,2.2101,Go,235.64464464464464
103.729,0.0518,Go,235.64564564564566
103.7292,1.1375,Go,235.64664664664664
103.7294,1.316,Go,235.64764764764766
103.7296,0.3125,Go,235.64864864864865
103.7298,0.0314,Go,235.64964964964966
103.73,0.0232,Go,235.65065065065065
103.7302,0.0318,Go,235.65165165165166
103.7304,0.0442,Go,235.65265265265265
103.7306,0.0595,Go,235.65365365365366
103.7308,2.9794,Go,235.65465465465465
103.731,0.049,Go,235.65565565565566
103.7312,0.0012,Go,235.65665665665665
103.7314,0.012,Go,235.65765765765767
103.7316,0.0008,Go,235.65865865865865
103.7318,0.0098,Go,235.65965965965967
103.732,0.0471,Go,235.66066066066065
103.7322,0.0359,Go,235.66166166166167
103.7324,0.0136,Go,235.66266266266265
103.7326,0.0212,Go,235.66366366366367
103.7328,0.063,Go,235.66466466466466
103.733,0.2016,Go,235.66566566566567
103.7332,0.0184,Go,235.66666666666666
103.7334,0.0126,Go,235.66766766766767
103.7336,0.0155,Go,235.66866866866866
103.7338,0.0244,Go,235.66966966966967
103.734,0.0381,Go,235.67067067067066
103.7342,0.0391,Go,235.67167167167167
103.7344,0.0901,Go,235.67267267267266
103.7346,0.1605,Go,235.67367367367368
103.7348,0.0662,Go,235.67467467467466
103.735,0.0145,Go,235.67567567567568
103.7352,0.0397,Go,235.67667667667666
103.7354,0.0123,Go,235.67767767767768
103.7356,0.062,Go,235.67867867867866
103.7358,0.0244,Go,235.67967967967968
103.736,5.1645,Go,235.6806806806807
103.7362,0.0155,Go,235.68168168168168
103.7364,0.1328,Go,235.6826826826827
103.7366,0.0254,Go,235.68368368368368
103.7368,0.0228,Go,235.6846846846847
103.737,0.026,Go,235.68568568568568
103.7372,0.0365,Go,235.6866866866867
103.7374,0.0311,Go,235.68768768768768
103.7376,0.0515,Go,235.6886886886887
103.7378,0.0502,Go,235.6896896896897
103.738,0.0241,Go,235.6906906906907
103.7382,0.0072,Go,235.6916916916917
103.7384,0.0114,Go,235.6926926926927
103.7386,0.013,Go,235.6936936936937
103.7388,0.0123,Go,235.6946946946947
103.739,0.0123,Go,235.6956956956957
103.7392,0.0241,Go,235.6966966966967
103.7394,0.5923,Go,235.6976976976977
103.7396,0.0206,Go,235.6986986986987
103.7398,0.0286,Go,235.6996996996997
103.74,0.0005,Go,235.7007007007007
103.7402,0.0155,Go,235.7017017017017
103.7404,0.0212,Go,235.7027027027027
103.7406,0.0206,Go,235.7037037037037
103.7408,0.0206,Go,235.7047047047047
103.741,0.0165,Go,235.7057057057057
103.7412,0.0171,Go,235.7067067067067
103.7414,0.02,Go,235.7077077077077
103.7416,0.0015,Go,235.7087087087087
103.7418,0.0123,Go,235.7097097097097
103.742,3.4778,Go,235.7107107107107
103.7422,0.3036,Go,235.7117117117117
103.7424,0.0206,Go,235.71271271271272
103.7426,0.033,Go,235.7137137137137
103.7428,0.0047,Go,235.71471471471472
103.743,0.0171,Go,235.7157157157157
103.7432,0.0161,Go,235.71671671671672
103.7434,0.0177,Go,235.7177177177177
103.7436,0.0184,Go,235.71871871871872
103.7438,0.0037,Go,235.7197197197197
103.744,0.0394,Go,235.72072072072072
103.7442,0.0075,Go,235.72172172172174
103.7444,0.0117,Go,235.72272272272272
103.7446,0.0238,Go,235.72372372372374
103.7448,5.3652,Go,235.72472472472472
103.745,0.0101,Go,235.72572572572574
103.7452,0.4161,Go,235.72672672672672
103.7454,0.004,Go,235.72772772772774
103.7456,0.0079,Go,235.72872872872873
103.7458,0.0018,Go,235.72972972972974
103.746,0.0044,Go,235.73073073073073
103.7462,0.0544,Go,235.73173173173174
103.7464,0.0901,Go,235.73273273273273
103.7466,0.0397,Go,235.73373373373374
103.7468,0.0541,Go,235.73473473473473
103.747,0.0356,Go,235.73573573573574
103.7472,0.0439,Go,235.73673673673673
103.7474,0.0557,Go,235.73773773773775
103.7476,0.0859,Go,235.73873873873873
103.7478,0.0725,Go,235.73973973973975
103.748,0.1178,Go,235.74074074074073
103.7482,0.0506,Go,235.74174174174175
103.7484,1.0368,Go,235.74274274274273
103.7486,1.7357,Go,235.74374374374375
103.7488,0.0668,Go,235.74474474474474
103.749,0.0649,Go,235.74574574574575
103.7492,0.0659,Go,235.74674674674674
103.7494,0.6267,Go,235.74774774774775
103.7496,0.0646,Go,235.74874874874874
103.7498,0.0295,Go,235.74974974974975
103.75,0.0601,Go,235.75075075075074
103.7502,0.0289,Go,235.75175175175175
103.7504,0.0101,Go,235.75275275275274
103.7506,0.0308,Go,235.75375375375376
103.7508,0.0165,Go,235.75475475475474
103.751,0.0155,Go,235.75575575575576
103.7512,0.7628,Go,235.75675675675674
103.7514,0.0318,Go,235.75775775775776
103.7516,0.1787,Go,235.75875875875874
103.7518,5.0724,Go,235.75975975975976
103.752,0.0171,Go,235.76076076076077
103.7522,0.0349,Go,235.76176176176176
103.7524,0.0423,Go,235.76276276276278
103.7526,0.0506,Go,235.76376376376376
103.7528,0.091,Go,235.76476476476478
103.753,0.0725,Go,235.76576576576576
103.7532,0.0442,Go,235.76676676676678
103.7534,0.0158,Go,235.76776776776777
103.7536,0.0541,Go,235.76876876876878
103.7538,0.0815,Go,235.76976976976977
103.754,0.0805,Go,235.77077077077078
103.7542,0.0493,Go,235.77177177177177
103.7544,0.1481,Go,235.77277277277278
103.7546,0.0311,Go,235.77377377377377
103.7548,0.7615,Go,235.77477477477478
103.755,0.0369,Go,235.77577577577577
103.7552,0.0244,Go,235.77677677677679
103.7554,0.0235,Go,235.77777777777777
103.7556,0.0247,Go,235.7787787787788
103.7558,0.0461,Go,235.77977977977977
103.756,0.0168,Go,235.7807807807808
103.7562,0.0276,Go,235.78178178178177
103.7564,3.5721,Go,235.7827827827828
103.7566,0.0193,Go,235.78378378378378
103.7568,0.0184,Go,235.7847847847848
103.757,0.0181,Go,235.78578578578578
103.7572,0.0745,Go,235.7867867867868
103.7574,0.0346,Go,235.78778778778778
103.7576,0.0423,Go,235.7887887887888
103.7578,0.0251,Go,235.78978978978978
103.758,0.0021,Go,235.7907907907908
103.7582,0.0184,Go,235.79179179179178
103.7584,0.0244,Go,235.7927927927928
103.7586,0.0359,Go,235.79379379379378
103.7588,0.0353,Go,235.7947947947948
103.759,0.0356,Go,235.79579579579578
103.7592,0.0244,Go,235.7967967967968
103.7594,0.281,Go,235.79779779779778
103.7596,0.0219,Go,235.7987987987988
103.7598,0.0012,Go,235.79979979979979
103.76,0.1168,Go,235.8008008008008
103.7602,0.0114,Go,235.80180180180182
103.7604,0.8067,Go,235.8028028028028
103.7606,0.0126,Go,235.80380380380382
103.7608,0.004,Go,235.8048048048048
103.761,0.0117,Go,235.80580580580582
103.7612,0.013,Go,235.8068068068068
103.7614,0.0397,Go,235.80780780780782
103.7616,1.6216,Go,235.8088088088088
103.7618,0.0305,Go,235.80980980980982
103.762,0.0155,Go,235.8108108108108
103.7622,0.0321,Go,235.81181181181182
103.7624,0.0286,Go,235.8128128128128
103.7626,0.9524,Go,235.81381381381382
103.7628,0.0104,Go,235.8148148148148
103.763,0.0381,Go,235.81581581581582
103.7632,0.0206,Go,235.8168168168168
103.7634,0.0426,Go,235.81781781781783
103.7636,0.0295,Go,235.8188188188188
103.7638,0.0251,Go,235.81981981981983
103.764,0.0095,Go,235.8208208208208
103.7642,4.3455,Go,235.82182182182183
103.7644,0.0898,Go,235.82282282282281
103.7646,0.0181,Go,235.82382382382383
103.7648,0.0184,Go,235.82482482482482
103.765,0.0155,Go,235.82582582582583
103.7652,0.0136,Go,235.82682682682682
103.7654,0.0276,Go,235.82782782782783
103.7656,0.3813,Go,235.82882882882882
103.7658,0.0072,Go,235.82982982982983
103.766,0.0126,Go,235.83083083083082
103.7662,0.0085,Go,235.83183183183183
103.7664,0.0123,Go,235.83283283283282
103.7666,0.0228,Go,235.83383383383384
103.7668,0.0012,Go,235.83483483483482
103.767,0.0075,Go,235.83583583583584
103.7672,0.0177,Go,235.83683683683682
103.7674,0.0028,Go,235.83783783783784
103.7676,0.0059,Go,235.83883883883883
103.7678,0.0088,Go,235.83983983983984
103.768,0.0308,Go,235.84084084084085
103.7682,0.0499,Go,235.84184184184184
103.7684,0.0216,Go,235.84284284284286
103.7686,0.0276,Go,235.84384384384384
103.7688,0.0206,Go,235.84484484484486
103.769,3.4539,Go,235.84584584584584
103.7692,0.0165,Go,235.84684684684686
103.7694,0.012,Go,235.84784784784785
103.7696,0.0171,Go,235.84884884884886
103.7698,0.02,Go,235.84984984984985
103.77,0.0174,Go,235.85085085085086
103.7702,0.0372,Go,235.85185185185185
103.7704,3.2675,Go,235.85285285285286
103.7706,1.5492,Go,235.85385385385385
103.7708,0.02,Go,235.85485485485486
103.771,0.0079,Go,235.85585585585585
103.7712,-0.0023,Go,235.85685685685687
103.7714,0.2838,Go,235.85785785785785
103.7716,0.0522,Go,235.85885885885887
103.7718,0.027,Go,235.85985985985985
103.772,0.0037,Go,235.86086086086087
103.7722,0.0267,Go,235.86186186186185
103.7724,0.2389,Go,235.86286286286287
103.7726,0.0203,Go,235.86386386386386
103.7728,3.046,Go,235.86486486486487
103.773,0.0295,Go,235.86586586586586
103.7732,0.1675,Go,235.86686686686687
103.7734,0.0327,Go,235.86786786786786
103.7736,0.0018,Go,235.86886886886887
103.7738,0.004,Go,235.86986986986986
103.774,0.005,Go,235.87087087087087
103.7742,0.0232,Go,235.87187187187186
103.7744,0.0413,Go,235.87287287287288
103.7746,0.4757,Go,235.87387387387386
103.7748,0.027,Go,235.87487487487488
103.775,0.0244,Go,235.87587587587586
103.7752,0.0241,Go,235.87687687687688
103.7754,0.0247,Go,235.87787787787786
103.7756,0.0149,Go,235.87887887887888
103.7758,0.0298,Go,235.87987987987987
103.776,0.0279,Go,235.88088088088088
103.7762,0.0152,Go,235.8818818818819
103.7764,0.0311,Go,235.88288288288288
103.7766,0.0359,Go,235.8838838838839
103.7768,0.0235,Go,235.88488488488488
103.777,0.0292,Go,235.8858858858859
103.7772,0.0193,Go,235.88688688688688
103.7774,0.0187,Go,235.8878878878879
103.7776,0.0193,Go,235.88888888888889
103.7778,0.0187,Go,235.8898898898899
103.778,0.0318,Go,235.8908908908909
103.7782,0.0662,Go,235.8918918918919
103.7784,5.2311,Go,235.8928928928929
103.7786,-0.0071,Go,235.8938938938939
103.7788,-0.0017,Go,235.8948948948949
103.779,0.0072,Go,235.8958958958959
103.7792,0.0238,Go,235.8968968968969
103.7794,0.0219,Go,235.8978978978979
103.7796,0.02,Go,235.8988988988989
103.7798,0.0152,Go,235.8998998998999
103.78,0.02,Go,235.9009009009009
103.7802,0.0184,Go,235.9019019019019
103.7804,0.0279,Go,235.9029029029029
103.7806,0.0276,Go,235.9039039039039
103.7808,0.0314,Go,235.9049049049049
103.781,0.0244,Go,235.9059059059059
103.7812,0.02,Go,235.9069069069069
103.7814,0.0034,Go,235.9079079079079
103.7816,0.0066,Go,235.9089089089089
103.7818,0.0088,Go,235.9099099099099
103.782,0.0091,Go,235.9109109109109
103.7822,0.0059,Go,235.91191191191191
103.7824,0.0145,Go,235.9129129129129
103.7826,0.0155,Go,235.91391391391392
103.7828,0.019,Go,235.9149149149149
103.783,0.055,Go,235.91591591591592
103.7832,2.0011,Go,235.9169169169169
103.7834,0.0378,Go,235.91791791791792
103.7836,0.0716,Go,235.9189189189189
103.7838,0.3456,Go,235.91991991991992
103.784,0.0232,Go,235.92092092092093
103.7842,0.0244,Go,235.92192192192192
103.7844,4.6106,Go,235.92292292292294
103.7846,0.0136,Go,235.92392392392392
103.7848,0.0152,Go,235.92492492492494
103.785,0.0165,Go,235.92592592592592
103.7852,0.0098,Go,235.92692692692694
103.7854,0.0095,Go,235.92792792792793
103.7856,0.0066,Go,235.92892892892894
103.7858,0.0044,Go,235.92992992992993
103.786,0.0095,Go,235.93093093093094
103.7862,0.0069,Go,235.93193193193193
103.7864,0.0181,Go,235.93293293293294
103.7866,2.8162,Go,235.93393393393393
103.7868,4.4698,Go,235.93493493493494
103.787,0.1353,Go,235.93593593593593
103.7872,1.6531,Go,235.93693693693695
103.7874,0.0072,Go,235.93793793793793
103.7876,0.0388,Go,235.93893893893895
103.7878,0.0397,Go,235.93993993993993
103.788,0.0225,Go,235.94094094094095
103.7882,0.056,Go,235.94194194194193
103.7884,0.0435,Go,235.94294294294295
103.7886,0.0311,Go,235.94394394394394
103.7888,0.0435,Go,235.94494494494495
103.789,0.0528,Go,235.94594594594594
103.7892,0.0671,Go,235.94694694694695
103.7894,0.0799,Go,235.94794794794794
103.7896,2.7343,Go,235.94894894894895
103.7898,0.1031,Go,235.94994994994994
103.79,0.0435,Go,235.95095095095095
103.7902,0.0639,Go,235.95195195195194
103.7904,0.0458,Go,235.95295295295296
103.7906,0.041,Go,235.95395395395394
103.7908,0.0209,Go,235.95495495495496
103.791,0.0238,Go,235.95595595595594
103.7912,0.0375,Go,235.95695695695696
103.7914,5.3468,Go,235.95795795795794
103.7916,1.8083,Go,235.95895895895896
103.7918,0.0254,Go,235.95995995995997
103.792,0.1404,Go,235.96096096096096
103.7922,0.0193,Go,235.96196196196198
103.7924,0.0295,Go,235.96296296296296
103.7926,0.0216,Go,235.96396396396398
103.7928,0.0257,Go,235.96496496496496
103.793,5.3538,Go,235.96596596596598
103.7932,0.0257,Go,235.96696696696696
103.7934,0.0289,Go,235.96796796796798
103.7936,0.7727,Go,235.96896896896897
103.7938,0.4266,Go,235.96996996996998
103.794,0.0117,Go,235.97097097097097
103.7942,0.0171,Go,235.97197197197198
103.7944,0.0212,Go,235.97297297297297
103.7946,0.0209,Go,235.97397397397398
103.7948,1.8367,Go,235.97497497497497
103.795,0.0646,Go,235.97597597597598
103.7952,0.0665,Go,235.97697697697697
103.7954,0.0853,Go,235.977977977978
103.7956,0.019,Go,235.97897897897897
103.7958,0.0384,Go,235.97997997998
103.796,0.0308,Go,235.98098098098097
103.7962,0.0292,Go,235.981981981982
103.7964,0.0337,Go,235.98298298298297
103.7966,2.8217,Go,235.983983983984
103.7968,0.0349,Go,235.98498498498498
103.797,0.0308,Go,235.985985985986
103.7972,0.0311,Go,235.98698698698698
103.7974,0.0283,Go,235.987987987988
103.7976,0.0515,Go,235.98898898898898
103.7978,0.1022,Go,235.98998998999
103.798,0.1047,Go,235.99099099099098
103.7982,0.0706,Go,235.991991991992
103.7984,0.1137,Go,235.99299299299298
103.7986,0.0681,Go,235.993993993994
103.7988,2.5352,Go,235.99499499499498
103.799,0.1376,Go,235.995995995996
103.7992,0.069,Go,235.99699699699698
103.7994,0.0614,Go,235.997997997998
103.7996,0.0563,Go,235.99899899899899
103.7998,0.0499,Go,236.0
