Time,V,Label,Depth
328.2,0.0232,Hold,681.0
328.2002,0.0232,Hold,681.0
328.2004,0.0279,Hold,681.0
328.2006,0.0228,Hold,681.0
328.2008,0.0289,Hold,681.0
328.201,0.0142,Hold,681.0
328.2012,0.0232,Hold,681.0
328.2014,0.1462,Hold,681.0
328.2016,0.0853,Hold,681.0
328.2018,1.395,Hold,681.0
328.202,0.1117,Hold,681.0
328.2022,0.0741,Hold,681.0
328.2024,0.0337,Hold,681.0
328.2026,0.0295,Hold,681.0
328.2028,0.3463,Hold,681.0
328.203,0.0671,Hold,681.0
328.2032,2.3771,Hold,681.0
328.2034,0.0843,Hold,681.0
328.2036,0.0327,Hold,681.0
328.2038,0.0174,Hold,681.0
328.204,0.0171,Hold,681.0
328.2042,0.0104,Hold,681.0
328.2044,0.0228,Hold,681.0
328.2046,5.0491,Hold,681.0
328.2048,0.2016,Hold,681.0
328.205,0.0796,Hold,681.0
328.2052,0.0681,Hold,681.0
328.2054,0.0592,Hold,681.0
328.2056,0.0773,Hold,681.0
328.2058,0.1672,Hold,681.0
328.206,0.0847,Hold,681.0
328.2062,0.0821,Hold,681.0
328.2064,0.0471,Hold,681.0
328.2066,0.0614,Hold,681.0
328.2068,0.0413,Hold,681.0
328.207,0.0888,Hold,681.0
328.2072,3.0865,Hold,681.0
328.2074,0.1369,Hold,681.0
328.2076,0.0572,Hold,681.0
328.2078,0.0464,Hold,681.0
328.208,0.0369,Hold,681.0
328.2082,0.0251,Hold,681.0
328.2084,0.019,Hold,681.0
328.2086,0.0286,Hold,681.0
328.2088,0.026,Hold,681.0
328.209,0.0161,Hold,681.0
328.2092,0.0177,Hold,681.0
328.2094,2.6448,Hold,681.0
328.2096,2.2417,Hold,681.0
328.2098,0.0955,Hold,681.0
328.21,0.1264,Hold,681.0
328.2102,0.1564,Hold,681.0
328.2104,0.1082,Hold,681.0
328.2106,2.1123,Hold,681.0
328.2108,0.2188,Hold,681.0
328.211,0.5024,Hold,681.0
328.2112,0.0945,Hold,681.0
328.2114,0.0633,Hold,681.0
328.2116,0.0522,Hold,681.0
328.2118,0.0451,Hold,681.0
328.212,0.0289,Hold,681.0
328.2122,0.0384,Hold,681.0
328.2124,0.0365,Hold,681.0
328.2126,0.0384,Hold,681.0
328.2128,0.0324,Hold,681.0
328.213,0.0544,Hold,681.0
328.2132,0.0184,Hold,681.0
328.2134,0.0362,Hold,681.0
328.2136,0.0365,Hold,681.0
328.2138,0.7908,Hold,681.0
328.214,0.0324,Hold,681.0
328.2142,0.8737,Hold,681.0
328.2144,0.1331,Hold,681.0
328.2146,0.1143,Hold,681.0
328.2148,0.0987,Hold,681.0
328.215,0.1114,Hold,681.0
328.2152,0.9304,Hold,681.0
328.2154,0.1175,Hold,681.0
328.2156,1.2165,Hold,681.0
328.2158,0.1605,Hold,681.0
328.216,0.381,Hold,681.0
328.2162,0.0936,Hold,681.0
328.2164,1.6515,Hold,681.0
328.2166,0.1264,Hold,681.0
328.2168,0.0725,Hold,681.0
328.217,0.0703,Hold,681.0
328.2172,0.0467,Hold,681.0
328.2174,0.0451,Hold,681.0
328.2176,0.0528,Hold,681.0
328.2178,3.7161,Hold,681.0
328.218,0.0381,Hold,681.0
328.2182,0.0416,Hold,681.0
328.2184,0.0572,Hold,681.0
328.2186,0.5881,Hold,681.0
328.2188,0.0318,Hold,681.0
328.219,0.7312,Hold,681.0
328.2192,0.128,Hold,681.0
328.2194,0.027,Hold,681.0
328.2196,3.1757,Hold,681.0
328.2198,6.7874,Hold,681.0
328.22,0.0139,Hold,681.0
328.2202,0.0244,Hold,681.0
328.2204,0.0324,Hold,681.0
328.2206,0.0295,Hold,681.0
328.2208,0.0279,Hold,681.0
328.221,0.0381,Hold,681.0
328.2212,0.0308,Hold,681.0
328.2214,0.0499,Hold,681.0
328.2216,0.0515,Hold,681.0
328.2218,0.0592,Hold,681.0
328.222,0.0407,Hold,681.0
328.2222,6.5427,Hold,681.0
328.2224,0.0305,Hold,681.0
328.2226,0.0394,Hold,681.0
328.2228,0.0572,Hold,681.0
328.223,0.0534,Hold,681.0
328.2232,0.0604,Hold,681.0
328.2234,0.1653,Hold,681.0
328.2236,0.0805,Hold,681.0
328.2238,0.1149,Hold,681.0
328.224,0.8737,Hold,681.0
328.2242,0.3915,Hold,681.0
328.2244,0.0369,Hold,681.0
328.2246,0.0305,Hold,681.0
328.2248,0.0257,Hold,681.0
328.225,0.0181,Hold,681.0
328.2252,4.4086,Hold,681.0
328.2254,0.0761,Hold,681.0
328.2256,3.5122,Hold,681.0
328.2258,0.011,Hold,681.0
328.226,0.0212,Hold,681.0
328.2262,0.0088,Hold,681.0
328.2264,0.0075,Hold,681.0
328.2266,0.013,Hold,681.0
328.2268,0.0002,Hold,681.0
328.227,0.0008,Hold,681.0
328.2272,-0.0007,Hold,681.0
328.2274,0.0123,Hold,681.0
328.2276,0.0059,Hold,681.0
328.2278,0.0133,Hold,681.0
328.228,0.0037,Hold,681.0
328.2282,0.0047,Hold,681.0
328.2284,0.0079,Hold,681.0
328.2286,0.0104,Hold,681.0
328.2288,0.0053,Hold,681.0
328.229,0.0193,Hold,681.0
328.2292,0.0161,Hold,681.0
328.2294,0.0101,Hold,681.0
328.2296,0.0142,Hold,681.0
328.2298,0.0126,Hold,681.0
328.23,0.0107,Hold,681.0
328.2302,0.0098,Hold,681.0
328.2304,0.0362,Hold,681.0
328.2306,0.0139,Hold,681.0
328.2308,0.0165,Hold,681.0
328.231,0.019,Hold,681.0
328.2312,0.0416,Hold,681.0
328.2314,0.0933,Hold,681.0
328.2316,0.0541,Hold,681.0
328.2318,0.0254,Hold,681.0
328.232,0.1143,Hold,681.0
328.2322,0.0544,Hold,681.0
328.2324,0.0445,Hold,681.0
328.2326,0.0639,Hold,681.0
328.2328,5.2582,Hold,681.0
328.233,0.0451,Hold,681.0
328.2332,0.1098,Hold,681.0
328.2334,0.1302,Hold,681.0
328.2336,0.0104,Hold,681.0
328.2338,0.02,Hold,681.0
328.234,0.0885,Hold,681.0
328.2342,0.0276,Hold,681.0
328.2344,0.0244,Hold,681.0
328.2346,0.0168,Hold,681.0
328.2348,0.0063,Hold,681.0
328.235,0.0232,Hold,681.0
328.2352,0.0308,Hold,681.0
328.2354,0.0384,Hold,681.0
328.2356,0.1066,Hold,681.0
328.2358,0.0235,Hold,681.0
328.236,0.0235,Hold,681.0
328.2362,0.0257,Hold,681.0
328.2364,0.0314,Hold,681.0
328.2366,0.0187,Hold,681.0
328.2368,0.02,Hold,681.0
328.237,0.0853,Hold,681.0
328.2372,0.0088,Hold,681.0
328.2374,0.004,Hold,681.0
328.2376,0.2539,Hold,681.0
328.2378,0.1047,Hold,681.0
328.238,0.034,Hold,681.0
328.2382,0.0356,Hold,681.0
328.2384,0.0435,Hold,681.0
328.2386,0.0356,Hold,681.0
328.2388,0.0394,Hold,681.0
328.239,0.6347,Hold,681.0
328.2392,0.0397,Hold,681.0
328.2394,0.027,Hold,681.0
328.2396,0.0483,Hold,681.0
328.2398,0.0314,Hold,681.0
328.24,0.0298,Hold,681.0
328.2402,0.0155,Hold,681.0
328.2404,0.0196,Hold,681.0
328.2406,0.0289,Hold,681.0
328.2408,0.0149,Hold,681.0
328.241,0.0136,Hold,681.0
328.2412,0.0136,Hold,681.0
328.2414,0.013,Hold,681.0
328.2416,0.0085,Hold,681.0
328.2418,0.0107,Hold,681.0
328.242,0.0136,Hold,681.0
328.2422,0.0091,Hold,681.0
328.2424,0.0145,Hold,681.0
328.2426,0.0098,Hold,681.0
328.2428,0.0059,Hold,681.0
328.243,0.0088,Hold,681.0
328.2432,0.0101,Hold,681.0
328.2434,0.3026,Hold,681.0
328.2436,0.1334,Hold,681.0
328.2438,0.1219,Hold,681.0
328.244,0.1216,Hold,681.0
328.2442,0.2666,Hold,681.0
328.2444,0.1296,Hold,681.0
328.2446,0.063,Hold,681.0
328.2448,5.9398,Hold,681.0
328.245,0.1328,Hold,681.0
328.2452,0.1035,Hold,681.0
328.2454,0.0372,Hold,681.0
328.2456,0.0754,Hold,681.0
328.2458,4.9752,Hold,681.0
328.246,0.0177,Hold,681.0
328.2462,0.0193,Hold,681.0
328.2464,0.0181,Hold,681.0
328.2466,0.1076,Hold,681.0
328.2468,0.0416,Hold,681.0
328.247,0.0442,Hold,681.0
328.2472,0.0509,Hold,681.0
328.2474,0.0592,Hold,681.0
328.2476,0.0439,Hold,681.0
328.2478,0.1347,Hold,681.0
328.248,0.0279,Hold,681.0
328.2482,0.0333,Hold,681.0
328.2484,0.0184,Hold,681.0
328.2486,0.0123,Hold,681.0
328.2488,0.0136,Hold,681.0
328.249,0.0397,Hold,681.0
328.2492,0.0171,Hold,681.0
328.2494,0.0193,Hold,681.0
328.2496,0.0206,Hold,681.0
328.2498,0.0168,Hold,681.0
328.25,0.02,Hold,681.0
328.2502,0.0177,Hold,681.0
328.2504,0.0257,Hold,681.0
328.2506,0.0184,Hold,681.0
328.2508,0.005,Hold,681.0
328.251,0.0088,Hold,681.0
328.2512,0.0136,Hold,681.0
328.2514,0.3883,Hold,681.0
328.2516,0.0149,Hold,681.0
328.2518,0.0123,Hold,681.0
328.252,0.0079,Hold,681.0
328.2522,0.0232,Hold,681.0
328.2524,0.0238,Hold,681.0
328.2526,0.0053,Hold,681.0
328.2528,0.0142,Hold,681.0
328.253,0.0126,Hold,681.0
328.2532,0.0145,Hold,681.0
328.2534,0.0872,Hold,681.0
328.2536,0.0136,Hold,681.0
328.2538,0.0206,Hold,681.0
328.254,0.0056,Hold,681.0
328.2542,0.0171,Hold,681.0
328.2544,0.0098,Hold,681.0
328.2546,0.0123,Hold,681.0
328.2548,0.0174,Hold,681.0
328.255,0.0228,Hold,681.0
328.2552,0.0232,Hold,681.0
328.2554,0.02,Hold,681.0
328.2556,0.026,Hold,681.0
328.2558,0.0174,Hold,681.0
328.256,1.7943,Hold,681.0
328.2562,0.1834,Hold,681.0
328.2564,0.3393,Hold,681.0
328.2566,0.1675,Hold,681.0
328.2568,0.1328,Hold,681.0
328.257,0.1152,Hold,681.0
328.2572,0.0311,Hold,681.0
328.2574,0.0216,Hold,681.0
328.2576,0.0283,Hold,681.0
328.2578,0.1216,Hold,681.0
328.258,0.0522,Hold,681.0
328.2582,0.033,Hold,681.0
328.2584,0.0206,Hold,681.0
328.2586,0.0114,Hold,681.0
328.2588,0.0091,Hold,681.0
328.259,0.0187,Hold,681.0
328.2592,0.0426,Hold,681.0
328.2594,0.0203,Hold,681.0
328.2596,0.2701,Hold,681.0
328.2598,0.1063,Hold,681.0
328.26,0.078,Hold,681.0
328.2602,0.0617,Hold,681.0
328.2604,0.0588,Hold,681.0
328.2606,0.0732,Hold,681.0
328.2608,0.07,Hold,681.0
328.261,0.0623,Hold,681.0
328.2612,0.07,Hold,681.0
328.2614,0.0802,Hold,681.0
328.2616,0.0952,Hold,681.0
328.2618,0.085,Hold,681.0
328.262,0.078,Hold,681.0
328.2622,0.0668,Hold,681.0
328.2624,0.0534,Hold,681.0
328.2626,1.7755,Hold,681.0
328.2628,0.1519,Hold,681.0
328.263,1.7363,Hold,681.0
328.2632,0.0984,Hold,681.0
328.2634,0.1028,Hold,681.0
328.2636,0.0203,Hold,681.0
328.2638,0.0302,Hold,681.0
328.264,0.0308,Hold,681.0
328.2642,0.026,Hold,681.0
328.2644,0.0305,Hold,681.0
328.2646,0.0592,Hold,681.0
328.2648,0.0847,Hold,681.0
328.265,0.0314,Hold,681.0
328.2652,0.0541,Hold,681.0
328.2654,1.8956,Hold,681.0
328.2656,0.0394,Hold,681.0
328.2658,0.0177,Hold,681.0
328.266,0.0181,Hold,681.0
328.2662,0.0257,Hold,681.0
328.2664,0.0445,Hold,681.0
328.2666,0.0346,Hold,681.0
328.2668,0.0359,Hold,681.0
328.267,0.027,Hold,681.0
328.2672,3.1639,Hold,681.0
328.2674,0.1188,Hold,681.0
328.2676,0.0435,Hold,681.0
328.2678,1.3322,Hold,681.0
328.268,0.041,Hold,681.0
328.2682,0.0333,Hold,681.0
328.2684,0.0257,Hold,681.0
328.2686,0.0228,Hold,681.0
328.2688,0.0856,Hold,681.0
328.269,0.0384,Hold,681.0
328.2692,0.0435,Hold,681.0
328.2694,0.0349,Hold,681.0
328.2696,0.1519,Hold,681.0
328.2698,0.0958,Hold,681.0
328.27,0.5254,Hold,681.0
328.2702,0.1003,Hold,681.0
328.2704,0.0461,Hold,681.0
328.2706,0.0496,Hold,681.0
328.2708,0.0416,Hold,681.0
328.271,0.0423,Hold,681.0
328.2712,0.0286,Hold,681.0
328.2714,0.0372,Hold,681.0
328.2716,0.1038,Hold,681.0
328.2718,0.0394,Hold,681.0
328.272,0.0337,Hold,681.0
328.2722,0.0193,Hold,681.0
328.2724,0.0155,Hold,681.0
328.2726,0.0257,Hold,681.0
328.2728,0.0056,Hold,681.0
328.273,0.0053,Hold,681.0
328.2732,0.1213,Hold,681.0
328.2734,0.0617,Hold,681.0
328.2736,0.0435,Hold,681.0
328.2738,0.0286,Hold,681.0
328.274,0.0451,Hold,681.0
328.2742,0.0289,Hold,681.0
328.2744,0.0216,Hold,681.0
328.2746,0.034,Hold,681.0
328.2748,0.0289,Hold,681.0
328.275,0.0082,Hold,681.0
328.2752,0.0222,Hold,681.0
328.2754,0.0193,Hold,681.0
328.2756,0.0206,Hold,681.0
328.2758,0.1117,Hold,681.0
328.276,0.0445,Hold,681.0
328.2762,0.0219,Hold,681.0
328.2764,0.1468,Hold,681.0
328.2766,0.0321,Hold,681.0
328.2768,0.019,Hold,681.0
328.277,0.0413,Hold,681.0
328.2772,0.0467,Hold,681.0
328.2774,0.0142,Hold,681.0
328.2776,0.0471,Hold,681.0
328.2778,0.0423,Hold,681.0
328.278,0.0356,Hold,681.0
328.2782,0.2258,Hold,681.0
328.2784,0.3163,Hold,681.0
328.2786,3.0568,Hold,681.0
328.2788,0.0455,Hold,681.0
328.279,0.0212,Hold,681.0
328.2792,0.013,Hold,681.0
328.2794,0.0136,Hold,681.0
328.2796,0.0136,Hold,681.0
328.2798,0.0267,Hold,681.0
328.28,0.0149,Hold,681.0
328.2802,0.0216,Hold,681.0
328.2804,0.1462,Hold,681.0
328.2806,0.0321,Hold,681.0
328.2808,0.2669,Hold,681.0
328.281,0.1914,Hold,681.0
328.2812,0.0225,Hold,681.0
328.2814,0.1143,Hold,681.0
328.2816,0.0451,Hold,681.0
328.2818,0.0289,Hold,681.0
328.282,0.1296,Hold,681.0
328.2822,0.013,Hold,681.0
328.2824,0.0238,Hold,681.0
328.2826,0.0177,Hold,681.0
328.2828,0.0238,Hold,681.0
328.283,1.0266,Hold,681.0
328.2832,0.0075,Hold,681.0
328.2834,0.0184,Hold,681.0
328.2836,0.0158,Hold,681.0
328.2838,0.0286,Hold,681.0
328.284,0.0238,Hold,681.0
328.2842,0.0369,Hold,681.0
328.2844,0.0553,Hold,681.0
328.2846,0.2841,Hold,681.0
328.2848,0.1583,Hold,681.0
328.285,0.1044,Hold,681.0
328.2852,0.092,Hold,681.0
328.2854,0.2316,Hold,681.0
328.2856,0.6547,Hold,681.0
328.2858,0.0397,Hold,681.0
328.286,0.0458,Hold,681.0
328.2862,0.034,Hold,681.0
328.2864,0.0359,Hold,681.0
328.2866,0.0292,Hold,681.0
328.2868,0.0356,Hold,681.0
328.287,0.0388,Hold,681.0
328.2872,0.0305,Hold,681.0
328.2874,0.0228,Hold,681.0
328.2876,0.0289,Hold,681.0
328.2878,0.0244,Hold,681.0
328.288,0.027,Hold,681.0
328.2882,0.041,Hold,681.0
328.2884,0.041,Hold,681.0
328.2886,0.1356,Hold,681.0
328.2888,0.0745,Hold,681.0
328.289,0.0792,Hold,681.0
328.2892,0.0598,Hold,681.0
328.2894,0.0617,Hold,681.0
328.2896,0.0525,Hold,681.0
328.2898,0.0451,Hold,681.0
328.29,0.0439,Hold,681.0
328.2902,0.1615,Hold,681.0
328.2904,0.0885,Hold,681.0
328.2906,0.0592,Hold,681.0
328.2908,0.0413,Hold,681.0
328.291,0.0346,Hold,681.0
328.2912,0.0279,Hold,681.0
328.2914,0.1289,Hold,681.0
328.2916,0.0158,Hold,681.0
328.2918,0.0235,Hold,681.0
328.292,3.5616,Hold,681.0
328.2922,0.3243,Hold,681.0
328.2924,0.4091,Hold,681.0
328.2926,0.1184,Hold,681.0
328.2928,0.1063,Hold,681.0
328.293,0.2319,Hold,681.0
328.2932,0.4489,Hold,681.0
328.2934,0.0662,Hold,681.0
328.2936,0.0738,Hold,681.0
328.2938,0.0531,Hold,681.0
328.294,0.078,Hold,681.0
328.2942,1.2124,Hold,681.0
328.2944,2.0075,Hold,681.0
328.2946,0.0659,Hold,681.0
328.2948,0.0295,Hold,681.0
328.295,0.0247,Hold,681.0
328.2952,0.0324,Hold,681.0
328.2954,0.0254,Hold,681.0
328.2956,0.0308,Hold,681.0
328.2958,4.2072,Hold,681.0
328.296,0.1681,Hold,681.0
328.2962,0.0891,Hold,681.0
328.2964,0.0324,Hold,681.0
328.2966,0.0356,Hold,681.0
328.2968,1.4329,Hold,681.0
328.297,0.0432,Hold,681.0
328.2972,0.1793,Hold,681.0
328.2974,0.0684,Hold,681.0
328.2976,0.0569,Hold,681.0
328.2978,0.04,Hold,681.0
328.298,0.0579,Hold,681.0
328.2982,0.0949,Hold,681.0
328.2984,0.0725,Hold,681.0
328.2986,0.0531,Hold,681.0
328.2988,0.0439,Hold,681.0
328.299,0.0423,Hold,681.0
328.2992,0.0353,Hold,681.0
328.2994,0.4677,Hold,681.0
328.2996,0.1089,Hold,681.0
328.2998,0.1691,Hold,681.0
328.3,0.4521,Hold,681.0
328.3002,0.0671,Hold,681.0
328.3004,0.2504,Hold,681.0
328.3006,0.1799,Hold,681.0
328.3008,0.0805,Hold,681.0
328.301,0.7268,Hold,681.0
328.3012,0.0496,Hold,681.0
328.3014,0.0228,Hold,681.0
328.3016,0.0044,Hold,681.0
328.3018,5.1027,Hold,681.0
328.302,5.7174,Hold,681.0
328.3022,0.9674,Hold,681.0
328.3024,0.1079,Hold,681.0
328.3026,0.0706,Hold,681.0
328.3028,1.9842,Hold,681.0
328.303,0.0898,Hold,681.0
328.3032,0.1066,Hold,681.0
328.3034,0.1181,Hold,681.0
328.3036,0.0572,Hold,681.0
328.3038,0.0295,Hold,681.0
328.304,0.0311,Hold,681.0
328.3042,0.0155,Hold,681.0
328.3044,0.0276,Hold,681.0
328.3046,0.0305,Hold,681.0
328.3048,0.0426,Hold,681.0
328.305,0.0369,Hold,681.0
328.3052,0.31,Hold,681.0
328.3054,0.0949,Hold,681.0
328.3056,0.0506,Hold,681.0
328.3058,3.5759,Hold,681.0
328.306,0.0152,Hold,681.0
328.3062,0.0228,Hold,681.0
328.3064,0.0356,Hold,681.0
328.3066,0.0362,Hold,681.0
328.3068,0.0273,Hold,681.0
328.307,0.012,Hold,681.0
328.3072,0.0177,Hold,681.0
328.3074,0.0085,Hold,681.0
328.3076,0.0095,Hold,681.0
328.3078,0.012,Hold,681.0
328.308,0.0095,Hold,681.0
328.3082,0.0091,Hold,681.0
328.3084,0.0075,Hold,681.0
328.3086,1.4269,Hold,681.0
328.3088,0.1662,Hold,681.0
328.309,0.0805,Hold,681.0
328.3092,0.0576,Hold,681.0
328.3094,0.0432,Hold,681.0
328.3096,0.1869,Hold,681.0
328.3098,0.1197,Hold,681.0
328.31,0.0745,Hold,681.0
328.3102,0.7242,Hold,681.0
328.3104,0.0725,Hold,681.0
328.3106,0.0681,Hold,681.0
328.3108,0.0496,Hold,681.0
328.311,4.9041,Hold,681.0
328.3112,0.1073,Hold,681.0
328.3114,0.0241,Hold,681.0
328.3116,0.0324,Hold,681.0
328.3118,0.0283,Hold,681.0
328.312,0.0079,Hold,681.0
328.3122,0.0206,Hold,681.0
328.3124,0.0158,Hold,681.0
328.3126,0.0145,Hold,681.0
328.3128,0.0104,Hold,681.0
328.313,0.0101,Hold,681.0
328.3132,0.9463,Hold,681.0
328.3134,4.7394,Hold,681.0
328.3136,0.1694,Hold,681.0
328.3138,0.0235,Hold,681.0
328.314,0.0072,Hold,681.0
328.3142,0.0184,Hold,681.0
328.3144,0.0015,Hold,681.0
328.3146,0.0149,Hold,681.0
328.3148,0.0104,Hold,681.0
328.315,0.0177,Hold,681.0
328.3152,4.0237,Hold,681.0
328.3154,0.0222,Hold,681.0
328.3156,0.0353,Hold,681.0
328.3158,0.0158,Hold,681.0
328.316,0.0171,Hold,681.0
328.3162,0.0206,Hold,681.0
328.3164,0.0123,Hold,681.0
328.3166,0.0247,Hold,681.0
328.3168,0.0219,Hold,681.0
328.317,0.0324,Hold,681.0
328.3172,0.4036,Hold,681.0
328.3174,0.0193,Hold,681.0
328.3176,0.0136,Hold,681.0
328.3178,0.0158,Hold,681.0
328.318,1.0378,Hold,681.0
328.3182,0.107,Hold,681.0
328.3184,0.005,Hold,681.0
328.3186,0.0034,Hold,681.0
328.3188,0.0066,Hold,681.0
328.319,-0.0011,Hold,681.0
328.3192,0.0021,Hold,681.0
328.3194,0.0028,Hold,681.0
328.3196,0.0066,Hold,681.0
328.3198,0.0024,Hold,681.0
328.32,0.0053,Hold,681.0
328.3202,0.004,Hold,681.0
328.3204,0.012,Hold,681.0
328.3206,0.1146,Hold,681.0
328.3208,0.0512,Hold,681.0
328.321,0.0378,Hold,681.0
328.3212,0.092,Hold,681.0
328.3214,0.026,Hold,681.0
328.3216,5.4921,Hold,681.0
328.3218,0.0496,Hold,681.0
328.322,4.1954,Hold,681.0
328.3222,0.0012,Hold,681.0
328.3224,0.0114,Hold,681.0
328.3226,0.0075,Hold,681.0
328.3228,0.0251,Hold,681.0
328.323,0.0098,Hold,681.0
328.3232,0.0037,Hold,681.0
328.3234,0.0075,Hold,681.0
328.3236,0.0059,Hold,681.0
328.3238,0.0177,Hold,681.0
328.324,0.0279,Hold,681.0
328.3242,0.0165,Hold,681.0
328.3244,0.0155,Hold,681.0
328.3246,0.0149,Hold,681.0
328.3248,0.013,Hold,681.0
328.325,0.0732,Hold,681.0
328.3252,0.0273,Hold,681.0
328.3254,0.0429,Hold,681.0
328.3256,0.0139,Hold,681.0
328.3258,0.0114,Hold,681.0
328.326,0.0295,Hold,681.0
328.3262,0.0181,Hold,681.0
328.3264,0.0219,Hold,681.0
328.3266,0.0324,Hold,681.0
328.3268,0.1038,Hold,681.0
328.327,0.0678,Hold,681.0
328.3272,0.0018,Hold,681.0
328.3274,0.0133,Hold,681.0
328.3276,0.012,Hold,681.0
328.3278,0.0276,Hold,681.0
328.328,0.0085,Hold,681.0
328.3282,0.02,Hold,681.0
328.3284,0.0101,Hold,681.0
328.3286,0.0292,Hold,681.0
328.3288,0.0117,Hold,681.0
328.329,0.0196,Hold,681.0
328.3292,0.0142,Hold,681.0
328.3294,0.0181,Hold,681.0
328.3296,0.1289,Hold,681.0
328.3298,0.0015,Hold,681.0
328.33,0.0053,Hold,681.0
328.3302,0.0079,Hold,681.0
328.3304,0.0069,Hold,681.0
328.3306,0.0104,Hold,681.0
328.3308,0.0066,Hold,681.0
328.331,0.0184,Hold,681.0
328.3312,0.0139,Hold,681.0
328.3314,0.0257,Hold,681.0
328.3316,2.8726,Hold,681.0
328.3318,0.0678,Hold,681.0
328.332,0.0413,Hold,681.0
328.3322,0.0295,Hold,681.0
328.3324,0.0241,Hold,681.0
328.3326,0.0168,Hold,681.0
328.3328,0.0126,Hold,681.0
328.333,0.0069,Hold,681.0
328.3332,0.0091,Hold,681.0
328.3334,0.0142,Hold,681.0
328.3336,5.1304,Hold,681.0
328.3338,6.774,Hold,681.0
328.334,6.7498,Hold,681.0
328.3342,6.7317,Hold,681.0
328.3344,6.7272,Hold,681.0
328.3346,6.7364,Hold,681.0
328.3348,6.7358,Hold,681.0
328.335,6.7132,Hold,681.0
328.3352,6.718,Hold,681.0
328.3354,6.74,Hold,681.0
328.3356,6.7431,Hold,681.0
328.3358,6.739,Hold,681.0
328.336,6.7479,Hold,681.0
328.3362,6.7533,Hold,681.0
328.3364,6.7737,Hold,681.0
328.3366,6.7403,Hold,681.0
328.3368,6.7036,Hold,681.0
328.337,6.7062,Hold,681.0
328.3372,6.7055,Hold,681.0
328.3374,6.7043,Hold,681.0
328.3376,6.7055,Hold,681.0
328.3378,6.6851,Hold,681.0
328.338,6.7024,Hold,681.0
328.3382,6.747,Hold,681.0
328.3384,6.7447,Hold,681.0
328.3386,6.7501,Hold,681.0
328.3388,6.754,Hold,681.0
328.339,6.7549,Hold,681.0
328.3392,6.7374,Hold,681.0
328.3394,6.7626,Hold,681.0
328.3396,6.7224,Hold,681.0
328.3398,6.7074,Hold,681.0
328.34,6.7157,Hold,681.0
328.3402,6.7173,Hold,681.0
328.3404,6.7262,Hold,681.0
328.3406,6.7059,Hold,681.0
328.3408,6.7176,Hold,681.0
328.341,6.6727,Hold,681.0
328.3412,6.7355,Hold,681.0
328.3414,6.7011,Hold,681.0
328.3416,6.6832,Hold,681.0
328.3418,6.6593,Hold,681.0
328.342,6.6695,Hold,681.0
328.3422,6.6765,Hold,681.0
328.3424,6.6953,Hold,681.0
328.3426,6.7272,Hold,681.0
328.3428,6.7766,Hold,681.0
328.343,6.76,Hold,681.0
328.3432,6.7584,Hold,681.0
328.3434,6.7588,Hold,681.0
328.3436,6.7406,Hold,681.0
328.3438,6.7476,Hold,681.0
328.344,6.7291,Hold,681.0
328.3442,6.7001,Hold,681.0
328.3444,6.7135,Hold,681.0
328.3446,6.7361,Hold,681.0
328.3448,6.724,Hold,681.0
328.345,6.6934,Hold,681.0
328.3452,6.7282,Hold,681.0
328.3454,6.71,Hold,681.0
328.3456,6.7151,Hold,681.0
328.3458,6.7145,Hold,681.0
328.346,6.6679,Hold,681.0
328.3462,6.6762,Hold,681.0
328.3464,6.6813,Hold,681.0
328.3466,6.6561,Hold,681.0
328.3468,6.6561,Hold,681.0
328.347,6.6788,Hold,681.0
328.3472,6.6711,Hold,681.0
328.3474,6.6714,Hold,681.0
328.3476,6.6651,Hold,681.0
328.3478,6.6571,Hold,681.0
328.348,6.6514,Hold,681.0
328.3482,6.6705,Hold,681.0
328.3484,6.6565,Hold,681.0
328.3486,6.6864,Hold,681.0
328.3488,6.6944,Hold,681.0
328.349,6.6957,Hold,681.0
328.3492,6.7049,Hold,681.0
328.3494,6.7304,Hold,681.0
328.3496,6.7349,Hold,681.0
328.3498,6.7377,Hold,681.0
328.35,6.7396,Hold,681.0
328.3502,6.7221,Hold,681.0
328.3504,6.6966,Hold,681.0
328.3506,6.6899,Hold,681.0
328.3508,6.6606,Hold,681.0
328.351,6.6867,Hold,681.0
328.3512,6.6683,Hold,681.0
328.3514,6.6683,Hold,681.0
328.3516,6.6622,Hold,681.0
328.3518,6.6883,Hold,681.0
328.352,6.7065,Hold,681.0
328.3522,6.7148,Hold,681.0
328.3524,6.6966,Hold,681.0
328.3526,6.6705,Hold,681.0
328.3528,6.6845,Hold,681.0
328.353,6.6807,Hold,681.0
328.3532,6.6692,Hold,681.0
328.3534,6.6698,Hold,681.0
328.3536,6.6558,Hold,681.0
328.3538,6.6558,Hold,681.0
328.354,6.6851,Hold,681.0
328.3542,6.7071,Hold,681.0
328.3544,6.7278,Hold,681.0
328.3546,6.7425,Hold,681.0
328.3548,6.7339,Hold,681.0
328.355,6.7234,Hold,681.0
328.3552,6.7415,Hold,681.0
328.3554,6.7798,Hold,681.0
328.3556,6.7766,Hold,681.0
328.3558,6.7804,Hold,681.0
328.356,6.7683,Hold,681.0
328.3562,6.7731,Hold,681.0
328.3564,6.7562,Hold,681.0
328.3566,6.7358,Hold,681.0
328.3568,6.7476,Hold,681.0
328.357,6.7355,Hold,681.0
328.3572,6.724,Hold,681.0
328.3574,6.7208,Hold,681.0
328.3576,6.7231,Hold,681.0
328.3578,0.8561,Hold,681.0
328.358,0.2813,Hold,681.0
328.3582,0.5572,Hold,681.0
328.3584,0.4027,Hold,681.0
328.3586,0.0684,Hold,681.0
328.3588,0.0502,Hold,681.0
328.359,0.0404,Hold,681.0
328.3592,0.3804,Hold,681.0
328.3594,0.0792,Hold,681.0
328.3596,0.5123,Hold,681.0
328.3598,0.0898,Hold,681.0
328.36,0.0432,Hold,681.0
328.3602,0.0318,Hold,681.0
328.3604,0.0308,Hold,681.0
328.3606,0.0362,Hold,681.0
328.3608,0.0451,Hold,681.0
328.361,0.1245,Hold,681.0
328.3612,0.0792,Hold,681.0
328.3614,0.1723,Hold,681.0
328.3616,0.0467,Hold,681.0
328.3618,0.0343,Hold,681.0
328.362,0.2424,Hold,681.0
328.3622,0.1446,Hold,681.0
328.3624,0.0904,Hold,681.0
328.3626,3.0581,Hold,681.0
328.3628,0.0263,Hold,681.0
328.363,0.3064,Hold,681.0
328.3632,5.8964,Hold,681.0
328.3634,0.1242,Hold,681.0
328.3636,0.0783,Hold,681.0
328.3638,0.0499,Hold,681.0
328.364,0.0311,Hold,681.0
328.3642,0.0353,Hold,681.0
328.3644,0.0933,Hold,681.0
328.3646,2.7672,Hold,681.0
328.3648,0.1809,Hold,681.0
328.365,0.1137,Hold,681.0
328.3652,0.0761,Hold,681.0
328.3654,0.0805,Hold,681.0
328.3656,5.48,Hold,681.0
328.3658,0.1274,Hold,681.0
328.366,0.1159,Hold,681.0
328.3662,0.2666,Hold,681.0
328.3664,0.0652,Hold,681.0
328.3666,0.0397,Hold,681.0
328.3668,0.0534,Hold,681.0
328.367,2.2997,Hold,681.0
328.3672,0.1557,Hold,681.0
328.3674,0.0276,Hold,681.0
328.3676,0.033,Hold,681.0
328.3678,0.0541,Hold,681.0
328.368,0.0353,Hold,681.0
328.3682,0.0429,Hold,681.0
328.3684,0.0321,Hold,681.0
328.3686,0.027,Hold,681.0
328.3688,0.0544,Hold,681.0
328.369,0.1114,Hold,681.0
328.3692,0.069,Hold,681.0
328.3694,0.273,Hold,681.0
328.3696,0.2096,Hold,681.0
328.3698,0.143,Hold,681.0
328.37,0.0585,Hold,681.0
328.3702,0.0569,Hold,681.0
328.3704,0.0461,Hold,681.0
328.3706,1.5317,Hold,681.0
328.3708,1.8778,Hold,681.0
328.371,1.387,Hold,681.0
328.3712,0.0397,Hold,681.0
328.3714,0.0375,Hold,681.0
328.3716,0.3087,Hold,681.0
328.3718,3.619,Hold,681.0
328.372,0.0512,Hold,681.0
328.3722,0.0286,Hold,681.0
328.3724,0.0945,Hold,681.0
328.3726,0.0184,Hold,681.0
328.3728,0.0244,Hold,681.0
328.373,0.0152,Hold,681.0
328.3732,0.0216,Hold,681.0
328.3734,0.0305,Hold,681.0
328.3736,0.0314,Hold,681.0
328.3738,0.0636,Hold,681.0
328.374,0.078,Hold,681.0
328.3742,0.0882,Hold,681.0
328.3744,0.0671,Hold,681.0
328.3746,0.0802,Hold,681.0
328.3748,0.1949,Hold,681.0
328.375,0.0668,Hold,681.0
328.3752,0.0423,Hold,681.0
328.3754,0.3291,Hold,681.0
328.3756,0.1003,Hold,681.0
328.3758,0.1442,Hold,681.0
328.376,0.049,Hold,681.0
328.3762,0.0448,Hold,681.0
328.3764,0.0534,Hold,681.0
328.3766,0.0353,Hold,681.0
328.3768,0.0522,Hold,681.0
328.377,4.0893,Hold,681.0
328.3772,2.9134,Hold,681.0
328.3774,0.6939,Hold,681.0
328.3776,0.171,Hold,681.0
328.3778,0.1038,Hold,681.0
328.378,0.3453,Hold,681.0
328.3782,0.0882,Hold,681.0
328.3784,0.0483,Hold,681.0
328.3786,0.0467,Hold,681.0
328.3788,0.0413,Hold,681.0
328.379,0.3536,Hold,681.0
328.3792,0.0882,Hold,681.0
328.3794,3.8143,Hold,681.0
328.3796,0.1442,Hold,681.0
328.3798,0.0821,Hold,681.0
328.38,0.049,Hold,681.0
328.3802,0.0512,Hold,681.0
328.3804,0.0423,Hold,681.0
328.3806,0.0604,Hold,681.0
328.3808,0.0426,Hold,681.0
328.381,0.0359,Hold,681.0
328.3812,0.4228,Hold,681.0
328.3814,0.2676,Hold,681.0
328.3816,0.1235,Hold,681.0
328.3818,0.2411,Hold,681.0
328.382,2.2136,Hold,681.0
328.3822,0.1286,Hold,681.0
328.3824,0.0228,Hold,681.0
328.3826,0.0228,Hold,681.0
328.3828,0.1133,Hold,681.0
328.383,0.019,Hold,681.0
328.3832,0.0177,Hold,681.0
328.3834,0.02,Hold,681.0
328.3836,0.0295,Hold,681.0
328.3838,0.178,Hold,681.0
328.384,0.0212,Hold,681.0
328.3842,0.0251,Hold,681.0
328.3844,0.0384,Hold,681.0
328.3846,0.0353,Hold,681.0
328.3848,0.0397,Hold,681.0
328.385,0.0448,Hold,681.0
328.3852,0.0384,Hold,681.0
328.3854,0.0531,Hold,681.0
328.3856,1.8348,Hold,681.0
328.3858,0.0193,Hold,681.0
328.386,4.3599,Hold,681.0
328.3862,0.0165,Hold,681.0
328.3864,0.0145,Hold,681.0
328.3866,0.0279,Hold,681.0
328.3868,1.1254,Hold,681.0
328.387,0.011,Hold,681.0
328.3872,0.0155,Hold,681.0
328.3874,0.0232,Hold,681.0
328.3876,0.0362,Hold,681.0
328.3878,0.0059,Hold,681.0
328.388,2.0291,Hold,681.0
328.3882,3.2605,Hold,681.0
328.3884,0.0955,Hold,681.0
328.3886,0.1152,Hold,681.0
328.3888,6.1759,Hold,681.0
328.389,0.2147,Hold,681.0
328.3892,0.0445,Hold,681.0
328.3894,0.0391,Hold,681.0
328.3896,0.1353,Hold,681.0
328.3898,0.2768,Hold,681.0
328.39,0.0461,Hold,681.0
328.3902,1.8545,Hold,681.0
328.3904,0.0506,Hold,681.0
328.3906,0.0155,Hold,681.0
328.3908,0.0187,Hold,681.0
328.391,0.3425,Hold,681.0
328.3912,0.1388,Hold,681.0
328.3914,3.1062,Hold,681.0
328.3916,0.5438,Hold,681.0
328.3918,1.7968,Hold,681.0
328.392,0.0238,Hold,681.0
328.3922,0.012,Hold,681.0
328.3924,0.0158,Hold,681.0
328.3926,0.0142,Hold,681.0
328.3928,0.0095,Hold,681.0
328.393,0.012,Hold,681.0
328.3932,0.0101,Hold,681.0
328.3934,0.0005,Hold,681.0
328.3936,-0.0046,Hold,681.0
328.3938,-0.0027,Hold,681.0
328.394,-0.0074,Hold,681.0
328.3942,-0.0036,Hold,681.0
328.3944,0.0053,Hold,681.0
328.3946,0.0044,Hold,681.0
328.3948,0.013,Hold,681.0
328.395,3.2672,Hold,681.0
328.3952,4.5176,Hold,681.0
328.3954,0.0687,Hold,681.0
328.3956,0.0585,Hold,681.0
328.3958,0.0506,Hold,681.0
328.396,0.0486,Hold,681.0
328.3962,0.5633,Hold,681.0
328.3964,0.1334,Hold,681.0
328.3966,0.106,Hold,681.0
328.3968,0.078,Hold,681.0
328.397,0.0563,Hold,681.0
328.3972,0.0181,Hold,681.0
328.3974,0.085,Hold,681.0
328.3976,0.0149,Hold,681.0
328.3978,0.0133,Hold,681.0
328.398,0.0117,Hold,681.0
328.3982,0.011,Hold,681.0
328.3984,3.0501,Hold,681.0
328.3986,0.3654,Hold,681.0
328.3988,0.1544,Hold,681.0
328.399,0.1194,Hold,681.0
328.3992,0.1551,Hold,681.0
328.3994,0.1245,Hold,681.0
328.3996,5.6466,Hold,681.0
328.3998,1.2761,Hold,681.0
