416.4000,6.5813
416.4002,6.5787
416.4004,6.5793
416.4006,6.5507
416.4008,6.5701
416.4010,6.5739
416.4012,6.5864
416.4014,6.5755
416.4016,6.5822
416.4018,6.5921
416.4020,6.5838
416.4022,6.5851
416.4024,6.6103
416.4026,6.5978
416.4028,6.6131
416.4030,6.6163
416.4032,6.6227
416.4034,6.6023
416.4036,6.6278
416.4038,6.6271
416.4040,6.6068
416.4042,6.6064
416.4044,6.5762
416.4046,6.5959
416.4048,6.5832
416.4050,6.6080
416.4052,6.5959
416.4054,6.5915
416.4056,6.6150
416.4058,6.5628
416.4060,6.6189
416.4062,6.5892
416.4064,6.6246
416.4066,6.6326
416.4068,6.6412
416.4070,6.6281
416.4072,6.6402
416.4074,6.6574
416.4076,6.5883
416.4078,6.6220
416.4080,6.6042
416.4082,6.6310
416.4084,6.6670
416.4086,6.6262
416.4088,6.6510
416.4090,6.6214
416.4092,6.6087
416.4094,6.6201
416.4096,6.5959
416.4098,6.5991
416.4100,6.6128
416.4102,6.6083
416.4104,6.6412
416.4106,6.6431
416.4108,6.6555
416.4110,6.6523
416.4112,6.6412
416.4114,6.6561
416.4116,6.6654
416.4118,6.6807
416.4120,6.6354
416.4122,6.6310
416.4124,6.5940
416.4126,6.5981
416.4128,6.6004
416.4130,6.6039
416.4132,6.5975
416.4134,6.6039
416.4136,6.5930
416.4138,6.5752
416.4140,6.5985
416.4142,6.5883
416.4144,6.6106
416.4146,6.6109
416.4148,6.6045
416.4150,6.6109
416.4152,6.6122
416.4154,6.6115
416.4156,6.6287
416.4158,6.6068
416.4160,6.6109
416.4162,6.6157
416.4164,6.6128
416.4166,6.6271
416.4168,6.6074
416.4170,6.5934
416.4172,6.6048
416.4174,6.5959
416.4176,6.5994
416.4178,6.5972
416.4180,6.6023
416.4182,6.5981
416.4184,6.5695
416.4186,6.5765
416.4188,6.6036
416.4190,6.6182
416.4192,6.6377
416.4194,6.6332
416.4196,6.6469
416.4198,6.6361
416.4200,6.6310
416.4202,6.6169
416.4204,6.6507
416.4206,6.6256
416.4208,6.6335
416.4210,6.6128
416.4212,6.6045
416.4214,6.6020
416.4216,6.5889
416.4218,6.5787
416.4220,6.5994
416.4222,6.5908
416.4224,6.5746
416.4226,6.5704
416.4228,6.5927
416.4230,6.5660
416.4232,6.5829
416.4234,6.6514
416.4236,5.2368
416.4238,6.6730
416.4240,6.6023
416.4242,4.3838
416.4244,6.6192
416.4246,6.6307
416.4248,6.6335
416.4250,6.6526
416.4252,6.6495
416.4254,6.6271
416.4256,6.6087
416.4258,6.6109
416.4260,6.5883
416.4262,6.6020
416.4264,6.6115
416.4266,6.6408
416.4268,6.6036
416.4270,6.5854
416.4272,6.6495
416.4274,6.6310
416.4276,6.6778
416.4278,6.6214
416.4280,4.3579
416.4282,6.6625
416.4284,6.6259
416.4286,6.5720
416.4288,6.6794
416.4290,6.6268
416.4292,6.6718
416.4294,6.6405
416.4296,6.5771
416.4298,6.6303
416.4300,6.6138
416.4302,6.6182
416.4304,6.5966
416.4306,6.6345
416.4308,6.5545
416.4310,6.5889
416.4312,6.5915
416.4314,6.6122
416.4316,6.6185
416.4318,6.6249
416.4320,6.6220
416.4322,6.6074
416.4324,6.6176
416.4326,6.5946
416.4328,5.2400
416.4330,6.6565
416.4332,6.6577
416.4334,6.5781
416.4336,6.6520
416.4338,6.6851
416.4340,6.6491
416.4342,6.6686
416.4344,6.6673
416.4346,6.5927
416.4348,6.6762
416.4350,6.6115
416.4352,6.6657
416.4354,6.6533
416.4356,6.6345
416.4358,6.6259
416.4360,6.5981
416.4362,6.5644
416.4364,6.6514
416.4366,6.6332
416.4368,6.6291
416.4370,6.6619
416.4372,6.6198
416.4374,6.6074
416.4376,6.6291
416.4378,6.6166
416.4380,6.6163
416.4382,6.6017
416.4384,6.5959
416.4386,6.5787
416.4388,6.5985
416.4390,6.5857
416.4392,6.5545
416.4394,6.5915
416.4396,6.6294
416.4398,6.6150
416.4400,6.6459
416.4402,6.6647
416.4404,6.6663
416.4406,6.6259
416.4408,6.6565
416.4410,6.5612
416.4412,6.5832
416.4414,6.6032
416.4416,6.5860
416.4418,6.5905
416.4420,6.5800
416.4422,6.5723
416.4424,6.5915
416.4426,6.5628
416.4428,6.5915
416.4430,6.5927
416.4432,6.5768
416.4434,6.5551
416.4436,6.5895
416.4438,6.5950
416.4440,6.5950
416.4442,6.6007
416.4444,6.6434
416.4446,6.5886
416.4448,6.6173
416.4450,6.5892
416.4452,6.6364
416.4454,6.6208
416.4456,6.6115
416.4458,6.5803
416.4460,6.5835
416.4462,6.6048
416.4464,6.5742
416.4466,6.6013
416.4468,6.6096
416.4470,6.5950
416.4472,6.5711
416.4474,6.5953
416.4476,6.5663
416.4478,6.5816
416.4480,6.5915
416.4482,6.5637
416.4484,6.5800
416.4486,6.6020
416.4488,6.5813
416.4490,6.5927
416.4492,6.5813
416.4494,6.5774
416.4496,6.5790
416.4498,6.5857
416.4500,6.5752
416.4502,6.5554
416.4504,6.5739
416.4506,6.5656
416.4508,6.5832
416.4510,6.5558
416.4512,6.5707
416.4514,6.5854
416.4516,6.5911
416.4518,6.5723
416.4520,6.5959
416.4522,6.5730
416.4524,6.5545
416.4526,6.5870
416.4528,6.5596
416.4530,6.6131
416.4532,6.6042
416.4534,6.5727
416.4536,6.5889
416.4538,6.5736
416.4540,6.6023
416.4542,6.5902
416.4544,6.6029
416.4546,6.5695
416.4548,6.5720
416.4550,6.5698
416.4552,6.5787
416.4554,6.5924
416.4556,6.5972
416.4558,6.6064
416.4560,6.5899
416.4562,6.6268
416.4564,6.6144
416.4566,6.6160
416.4568,6.6144
416.4570,6.6211
416.4572,6.6077
416.4574,6.5895
416.4576,6.6029
416.4578,6.6128
416.4580,6.5835
416.4582,6.5857
416.4584,6.5953
416.4586,6.5755
416.4588,6.6032
416.4590,6.6039
416.4592,6.5813
416.4594,6.5988
416.4596,6.5733
416.4598,6.5927
416.4600,6.5672
416.4602,6.6001
416.4604,6.5927
416.4606,6.5793
416.4608,6.6169
416.4610,6.5991
416.4612,6.5902
416.4614,6.5876
416.4616,6.6001
416.4618,6.5962
416.4620,6.5848
416.4622,6.5838
416.4624,6.5822
416.4626,6.5727
416.4628,6.6013
416.4630,6.5723
416.4632,6.5921
416.4634,6.5854
416.4636,6.5596
416.4638,6.5915
416.4640,6.5803
416.4642,6.5975
416.4644,6.6010
416.4646,6.6093
416.4648,6.6115
416.4650,6.6045
416.4652,6.6039
416.4654,6.5924
416.4656,6.6023
416.4658,6.5889
416.4660,6.6017
416.4662,6.6042
416.4664,6.5966
416.4666,6.5972
416.4668,6.5991
416.4670,6.5889
416.4672,6.6032
416.4674,6.6026
416.4676,6.5924
416.4678,6.6042
416.4680,6.6118
416.4682,6.6144
416.4684,6.5892
416.4686,6.5867
416.4688,6.6068
416.4690,6.6131
416.4692,6.6141
416.4694,6.6240
416.4696,6.6227
416.4698,6.6169
416.4700,6.6090
416.4702,6.5924
416.4704,6.5991
416.4706,6.6048
416.4708,6.5927
416.4710,6.6150
416.4712,6.6157
416.4714,6.6001
416.4716,6.6220
416.4718,6.6236
416.4720,6.6099
416.4722,6.5950
416.4724,6.6026
416.4726,6.6090
416.4728,6.5879
416.4730,6.5787
416.4732,6.5870
416.4734,6.6074
416.4736,6.5860
416.4738,6.6077
416.4740,6.6128
416.4742,6.6096
416.4744,6.6182
416.4746,6.5918
416.4748,6.5781
416.4750,6.5927
416.4752,6.5985
416.4754,6.5918
416.4756,6.5981
416.4758,6.5618
416.4760,6.5844
416.4762,6.5797
416.4764,6.5930
416.4766,6.6010
416.4768,6.5962
416.4770,6.5966
416.4772,6.6017
416.4774,6.5857
416.4776,6.6173
416.4778,6.6134
416.4780,6.6217
416.4782,6.6087
416.4784,6.6278
416.4786,6.6259
416.4788,6.6087
416.4790,6.6338
416.4792,6.6348
416.4794,6.6087
416.4796,6.6074
416.4798,6.5959
416.4800,6.6208
416.4802,6.6087
416.4804,6.6058
416.4806,6.6074
416.4808,6.6163
416.4810,6.6134
416.4812,6.6144
416.4814,6.6300
416.4816,6.6303
416.4818,6.6345
416.4820,6.6456
416.4822,6.6504
416.4824,6.6345
416.4826,6.6526
416.4828,6.6829
416.4830,6.6262
416.4832,6.6275
416.4834,6.6182
416.4836,6.6112
416.4838,6.6510
416.4840,6.6278
416.4842,6.6093
416.4844,6.5937
416.4846,6.5848
416.4848,6.5892
416.4850,6.5937
416.4852,6.5829
416.4854,6.6058
416.4856,6.5905
416.4858,6.6036
416.4860,6.6020
416.4862,6.5889
416.4864,6.5908
416.4866,6.6052
416.4868,6.5698
416.4870,6.5905
416.4872,6.5727
416.4874,6.5647
416.4876,6.5806
416.4878,6.5727
416.4880,6.6001
416.4882,6.6020
416.4884,6.5994
416.4886,6.5934
416.4888,6.5599
416.4890,6.6083
416.4892,6.5943
416.4894,6.6017
416.4896,6.6023
416.4898,6.6185
416.4900,6.5860
416.4902,6.6201
416.4904,6.5956
416.4906,6.6045
416.4908,6.6112
416.4910,6.6071
416.4912,6.6074
416.4914,6.5787
416.4916,6.5981
416.4918,6.5940
416.4920,6.6103
416.4922,6.6112
416.4924,6.6001
416.4926,6.6246
416.4928,6.5848
416.4930,6.5988
416.4932,6.5857
416.4934,6.5813
416.4936,6.5886
416.4938,6.5873
416.4940,6.5981
416.4942,6.6118
416.4944,6.6236
416.4946,6.6083
416.4948,6.6010
416.4950,6.5927
416.4952,6.6144
416.4954,6.6208
416.4956,6.6176
416.4958,6.6058
416.4960,6.5991
416.4962,6.6230
416.4964,6.6048
416.4966,6.6268
416.4968,6.6080
416.4970,6.6103
416.4972,6.6001
416.4974,6.5774
416.4976,6.5940
416.4978,6.5717
416.4980,6.5660
416.4982,6.5733
416.4984,6.5720
416.4986,6.5844
416.4988,6.5526
416.4990,6.5653
416.4992,6.5969
416.4994,6.5672
416.4996,5.4889
416.4998,6.6335
416.5000,6.5908
416.5002,6.5765
416.5004,6.6313
416.5006,6.6020
416.5008,6.5905
416.5010,6.5666
416.5012,6.5864
416.5014,6.5739
416.5016,6.5902
416.5018,6.6287
416.5020,6.6536
416.5022,6.6472
416.5024,6.6287
416.5026,6.6393
416.5028,6.6702
416.5030,6.6670
416.5032,6.6826
416.5034,6.5902
416.5036,6.6310
416.5038,6.6402
416.5040,6.5816
416.5042,6.6832
416.5044,6.6453
416.5046,6.6386
416.5048,6.6112
416.5050,6.6730
416.5052,6.6428
416.5054,6.6268
416.5056,6.6660
416.5058,6.6616
416.5060,6.6208
416.5062,6.6176
416.5064,6.5956
416.5066,6.6259
416.5068,6.6144
416.5070,6.6115
416.5072,6.5997
416.5074,6.5867
416.5076,6.5927
416.5078,6.6144
416.5080,6.6514
416.5082,6.6342
416.5084,6.5529
416.5086,6.6179
416.5088,6.5997
416.5090,6.6571
416.5092,6.6510
416.5094,6.6243
416.5096,4.6565
416.5098,6.6603
416.5100,6.6434
416.5102,6.6083
416.5104,6.6322
416.5106,6.6227
416.5108,6.6064
416.5110,6.6389
416.5112,6.6596
416.5114,6.6208
416.5116,6.6721
416.5118,6.6007
416.5120,6.6099
416.5122,6.5752
416.5124,6.5605
416.5126,6.5876
416.5128,6.6230
416.5130,6.6421
416.5132,6.6224
416.5134,6.6106
416.5136,6.5685
416.5138,6.5691
416.5140,6.5691
416.5142,6.5889
416.5144,6.5666
416.5146,6.5902
416.5148,6.5762
416.5150,6.5864
416.5152,6.5969
416.5154,6.5730
416.5156,6.5940
416.5158,6.5860
416.5160,6.5857
416.5162,6.5829
416.5164,6.5835
416.5166,6.5656
416.5168,6.5857
416.5170,6.5844
416.5172,6.5915
416.5174,6.5921
416.5176,6.6010
416.5178,6.6185
416.5180,6.6122
416.5182,6.6169
416.5184,6.6103
416.5186,6.5905
416.5188,6.5940
416.5190,6.5988
416.5192,6.5969
416.5194,6.6173
416.5196,6.6144
416.5198,6.6208
416.5200,6.5966
416.5202,6.6144
416.5204,6.6023
416.5206,6.6032
416.5208,6.6001
416.5210,6.6173
416.5212,6.5886
416.5214,6.6275
416.5216,6.5921
416.5218,6.6118
416.5220,6.5966
416.5222,6.5943
416.5224,6.5988
416.5226,6.5937
416.5228,6.5854
416.5230,6.5774
416.5232,6.5746
416.5234,6.5691
416.5236,6.5832
416.5238,6.5816
416.5240,6.5819
416.5242,6.5997
416.5244,6.5883
416.5246,6.5902
416.5248,6.5972
416.5250,6.5975
416.5252,6.5930
416.5254,6.5915
416.5256,6.5892
416.5258,6.5943
416.5260,6.5679
416.5262,6.5905
416.5264,6.5860
416.5266,6.5908
416.5268,6.5911
416.5270,6.5972
416.5272,6.6103
416.5274,6.6262
416.5276,6.5959
416.5278,6.6335
416.5280,6.6329
416.5282,6.6214
416.5284,6.6421
416.5286,6.6256
416.5288,6.6444
416.5290,6.6393
416.5292,6.6421
416.5294,6.6412
416.5296,6.6173
416.5298,6.6026
416.5300,6.5975
416.5302,6.6169
416.5304,6.6144
416.5306,6.6106
416.5308,6.6147
416.5310,6.6112
416.5312,6.6122
416.5314,6.6185
416.5316,6.6087
416.5318,6.5946
416.5320,6.6335
416.5322,6.6230
416.5324,6.6259
416.5326,6.6357
416.5328,6.6195
416.5330,6.6134
416.5332,6.5953
416.5334,6.5997
416.5336,6.5981
416.5338,6.5918
416.5340,6.5994
416.5342,6.6208
416.5344,6.5962
416.5346,6.6090
416.5348,6.5943
416.5350,6.5679
416.5352,6.5879
416.5354,6.5730
416.5356,6.6010
416.5358,6.6122
416.5360,6.5886
416.5362,6.6297
416.5364,6.5962
416.5366,6.5988
416.5368,6.6052
416.5370,6.5950
416.5372,6.6166
416.5374,6.5860
416.5376,6.5940
416.5378,6.6004
416.5380,6.5876
416.5382,6.5962
416.5384,6.5749
416.5386,6.5832
416.5388,6.5516
416.5390,6.5851
416.5392,6.5586
416.5394,6.6045
416.5396,6.5895
416.5398,6.6150
416.5400,6.5956
416.5402,6.5590
416.5404,6.6077
416.5406,6.5778
416.5408,6.6144
416.5410,6.6342
416.5412,6.6179
416.5414,6.5918
416.5416,6.6001
416.5418,6.6058
416.5420,6.5981
416.5422,6.6007
416.5424,6.6023
416.5426,6.6093
416.5428,6.6189
416.5430,6.6227
416.5432,6.6348
416.5434,6.6259
416.5436,6.5924
416.5438,6.5940
416.5440,6.5959
416.5442,6.5962
416.5444,6.6294
416.5446,6.6294
416.5448,6.6103
416.5450,6.6444
416.5452,6.6001
416.5454,6.6125
416.5456,6.6361
416.5458,6.6434
416.5460,6.6217
416.5462,6.6265
416.5464,6.6364
416.5466,6.6412
416.5468,6.6252
416.5470,6.6357
416.5472,6.6256
416.5474,6.6013
416.5476,6.5994
416.5478,6.5790
416.5480,6.5905
416.5482,6.5851
416.5484,6.5634
416.5486,6.5924
416.5488,6.5615
416.5490,6.5899
416.5492,6.6096
416.5494,6.6061
416.5496,6.6122
416.5498,6.5991
416.5500,6.5879
416.5502,6.6115
416.5504,6.5969
416.5506,6.5946
416.5508,6.5813
416.5510,6.6096
416.5512,6.5832
416.5514,6.5803
416.5516,6.6055
416.5518,6.5854
416.5520,6.5851
416.5522,6.6112
416.5524,6.5829
416.5526,6.5535
416.5528,6.5895
416.5530,6.5956
416.5532,6.5835
416.5534,6.6068
416.5536,6.6259
416.5538,6.6201
416.5540,6.6045
416.5542,6.6058
416.5544,6.6281
416.5546,6.6118
416.5548,6.6243
416.5550,6.5736
416.5552,6.6256
416.5554,6.6198
416.5556,6.6236
416.5558,6.6217
416.5560,6.6265
416.5562,6.6169
416.5564,6.6233
416.5566,6.6310
416.5568,6.6326
416.5570,6.6192
416.5572,6.6342
416.5574,6.6278
416.5576,6.6338
416.5578,6.6310
416.5580,6.6431
416.5582,6.6198
416.5584,6.6300
416.5586,6.5873
416.5588,6.6303
416.5590,6.6099
416.5592,6.6227
416.5594,6.6157
416.5596,6.6052
416.5598,6.6103
416.5600,6.5666
416.5602,6.5746
416.5604,6.5688
416.5606,6.6141
416.5608,6.6294
416.5610,6.5653
416.5612,6.6278
416.5614,6.6080
416.5616,6.6048
416.5618,6.5883
416.5620,6.6138
416.5622,6.5930
416.5624,6.6128
416.5626,6.5803
416.5628,6.5889
416.5630,6.5905
416.5632,6.5784
416.5634,6.6058
416.5636,6.5809
416.5638,6.5596
416.5640,6.5915
416.5642,6.5975
416.5644,6.5972
416.5646,6.5956
416.5648,6.6099
416.5650,6.5915
416.5652,6.6017
416.5654,6.6023
416.5656,6.5918
416.5658,6.5943
416.5660,6.5924
416.5662,6.6383
416.5664,6.6074
416.5666,6.6310
416.5668,6.6112
416.5670,6.5899
416.5672,6.6068
416.5674,6.5940
416.5676,6.5943
416.5678,6.6048
416.5680,6.6064
416.5682,6.5966
416.5684,6.6001
416.5686,6.5997
416.5688,6.5835
416.5690,6.5698
416.5692,6.5975
416.5694,6.5969
416.5696,6.6262
416.5698,6.6217
416.5700,6.6310
416.5702,6.6313
416.5704,6.6284
416.5706,6.6208
416.5708,6.6450
416.5710,6.6262
416.5712,6.6584
416.5714,6.6122
416.5716,6.6549
416.5718,6.6259
416.5720,6.6291
416.5722,6.6415
416.5724,6.6150
416.5726,6.6185
416.5728,6.5908
416.5730,6.5599
416.5732,6.5911
416.5734,6.5781
416.5736,6.5883
416.5738,6.5879
416.5740,6.5918
416.5742,6.5822
416.5744,6.5832
416.5746,6.5822
416.5748,6.5927
416.5750,6.5930
416.5752,6.5937
416.5754,6.5860
416.5756,6.5879
416.5758,6.6064
416.5760,6.5864
416.5762,6.5605
416.5764,6.5844
416.5766,6.5883
416.5768,6.5762
416.5770,6.5781
416.5772,6.5927
416.5774,6.5774
416.5776,6.5707
416.5778,6.5586
416.5780,6.5905
416.5782,6.6074
416.5784,6.6090
416.5786,6.6313
416.5788,6.6163
416.5790,6.6026
416.5792,6.6332
416.5794,6.6048
416.5796,6.6163
416.5798,6.6262
416.5800,6.5940
416.5802,6.6131
416.5804,6.6294
416.5806,6.6185
416.5808,6.6205
416.5810,6.6297
416.5812,6.6192
416.5814,6.6173
416.5816,6.5946
416.5818,6.6118
416.5820,6.6169
416.5822,6.6259
416.5824,6.6424
416.5826,6.6128
416.5828,6.6345
416.5830,6.6131
416.5832,6.6220
416.5834,6.6201
416.5836,6.6048
416.5838,6.6256
416.5840,6.6294
416.5842,6.6307
416.5844,6.6150
416.5846,6.6224
416.5848,6.6017
416.5850,6.5934
416.5852,6.5771
416.5854,6.6154
416.5856,6.5953
416.5858,6.6125
416.5860,6.6227
416.5862,6.5937
416.5864,6.6099
416.5866,6.6348
416.5868,6.5950
416.5870,6.6284
416.5872,6.6032
416.5874,6.6278
416.5876,6.6010
416.5878,6.5915
416.5880,6.5940
416.5882,6.5685
416.5884,6.5870
416.5886,6.5860
416.5888,6.5876
416.5890,6.5634
416.5892,6.5829
416.5894,6.6010
416.5896,6.6195
416.5898,6.6093
416.5900,6.6198
416.5902,6.5927
416.5904,6.6032
416.5906,6.6189
416.5908,6.5972
416.5910,6.6166
416.5912,6.6185
416.5914,6.6115
416.5916,6.5972
416.5918,6.6058
416.5920,6.5924
416.5922,6.6010
416.5924,6.6128
416.5926,6.6150
416.5928,6.6001
416.5930,6.5953
416.5932,6.6032
416.5934,6.6029
416.5936,6.6026
416.5938,6.6039
416.5940,6.6017
416.5942,6.5848
416.5944,6.5704
416.5946,6.5953
416.5948,6.6240
416.5950,6.6262
416.5952,6.6157
416.5954,6.6055
416.5956,6.6099
416.5958,6.6316
416.5960,6.6220
416.5962,6.6450
416.5964,6.6268
416.5966,6.6482
416.5968,6.6418
416.5970,6.6402
416.5972,6.6463
416.5974,6.6412
416.5976,6.6230
416.5978,6.6029
416.5980,6.5997
416.5982,6.5876
416.5984,6.6058
416.5986,6.5711
416.5988,6.6109
416.5990,6.5787
416.5992,6.5771
416.5994,6.6007
416.5996,6.5959
416.5998,6.6189
